CRYO2 2010 105 17 47 2010 105 17 48     006 1 2010 105 17 47 34.000 06.0000000000000e+01 -7.5198384000000e-05 05.4942759419504e-03 06.5731134000000e-05 -1.2533064000000e+00 09.1571265699173e+01 01.0955189000000e+00 00.0000000000000e+00 00.0000000000000e+00 00.0000000000000e+00
CRYO2 2010 123 17 55 2010 124 00 35     006 2 2010 123 17 56 05.000 01.2000000000000e+02 06.5371154400000e-09 -1.1612185775596e-02 02.7189757200000e-18 05.4475962000000e-05 -9.6768214796631e+01 02.2658131000000e-14 00.0000000000000e+00 00.0000000000000e+00 00.0000000000000e+00 2010 124 00 32 47.000 03.0000000000000e+02 01.6343265300000e-08 -2.8076256438533e-02 06.7339119000000e-18 05.4477551000000e-05 -9.3587521461777e+01 02.2446373000000e-14 00.0000000000000e+00 00.0000000000000e+00 00.0000000000000e+00
CRYO2 2010 124 18 38 2010 124 18 48     006 1 2010 124 18 43 33.000 06.0000000000000e+02 03.2425876200000e-08 -5.6247865344000e-02 01.3531351200000e-17 05.4043127000000e-05 -9.3746442240000e+01 02.2552252000000e-14 00.0000000000000e+00 00.0000000000000e+00 00.0000000000000e+00
CRYO2 2010 125 17 44 2010 125 17 59     006 1 2010 125 17 51 45.523 09.0000000000000e+02 04.9037760000000e-08 -8.4413380201126e-02 02.0392317900000e-17 05.4486400000000e-05 -9.3792644667917e+01 02.2658131000000e-14 00.0000000000000e+00 00.0000000000000e+00 00.0000000000000e+00
CRYO2 2010 126 18 26 2010 126 18 51     006 1 2010 126 18 39 09.157 01.5000000000000e+03 08.1479569500000e-08 -1.4006494914760e-01 03.3987196500000e-17 05.4319713000000e-05 -9.3376632765068e+01 02.2658131000000e-14 00.0000000000000e+00 00.0000000000000e+00 00.0000000000000e+00
CRYO2 2010 138 00 42 2010 138 04 16     006 2 2010 138 00 50 26.463 08.9900000000000e+02 04.7961799234000e-08 08.3876727157956e-02 00.0000000000000e+00 05.3350166000000e-05 09.3300030209072e+01 00.0000000000000e+00 00.0000000000000e+00 00.0000000000000e+00 00.0000000000000e+00 2010 138 04 08 44.618 08.9800000000000e+02 04.7914432442000e-08 08.3152396771689e-02 00.0000000000000e+00 05.3356829000000e-05 09.2597323799208e+01 00.0000000000000e+00 00.0000000000000e+00 00.0000000000000e+00 00.0000000000000e+00
CRYO2 2010 138 23 51 2010 139 03 24     006 2 2010 138 23 58 39.180 08.9800000000000e+02 04.7919402872000e-08 08.3963499288000e-02 -9.5079449760000e-20 05.3362364000000e-05 09.3500556000000e+01 -1.0587912000000e-16 00.0000000000000e+00 00.0000000000000e+00 00.0000000000000e+00 2010 139 03 16 58.087 08.9800000000000e+02 04.7925392532000e-08 08.3973994214000e-02 00.0000000000000e+00 05.3369034000000e-05 09.3512243000000e+01 00.0000000000000e+00 00.0000000000000e+00 00.0000000000000e+00 00.0000000000000e+00
CRYO2 2010 140 00 38 2010 140 04 11     006 2 2010 140 00 46 07.624 08.9800000000000e+02 04.7930230956000e-08 08.2007799920831e-02 -9.5079449760000e-20 05.3374422000000e-05 09.1322717061060e+01 -1.0587912000000e-16 00.0000000000000e+00 00.0000000000000e+00 00.0000000000000e+00 2010 140 04 04 26.969 08.9800000000000e+02 04.7936223310000e-08 08.1616823918954e-02 00.0000000000000e+00 05.3381095000000e-05 09.0887331758300e+01 00.0000000000000e+00 00.0000000000000e+00 00.0000000000000e+00 00.0000000000000e+00
CRYO2 2010 140 23 46 2010 141 00 02     006 1 2010 140 23 54 30.359 09.1300000000000e+02 04.7964092539000e-08 08.2668573821058e-02 00.0000000000000e+00 05.2534603000000e-05 09.0546083046065e+01 00.0000000000000e+00 00.0000000000000e+00 00.0000000000000e+00 00.0000000000000e+00
CRYO2 2010 147 00 27 2010 147 04 01     006 2 2010 147 00 35 31.400 09.3200000000000e+02 04.7923786704000e-08 -8.4739685539148e-02 01.9933226424000e-17 05.1420372000000e-05 -9.0922409376768e+01 02.1387582000000e-14 00.0000000000000e+00 00.0000000000000e+00 00.0000000000000e+00 2010 147 03 53 44.221 09.3200000000000e+02 04.7929832588000e-08 -8.3510697199448e-02 01.9933226424000e-17 05.1426859000000e-05 -8.9603752359923e+01 02.1387582000000e-14 00.0000000000000e+00 00.0000000000000e+00 00.0000000000000e+00
CRYO2 2010 148 01 14 2010 148 04 51     006 2 2010 148 01 22 47.284 09.3900000000000e+02 04.7951004987000e-08 -8.4015475871420e-02 01.9884098736000e-17 05.1066033000000e-05 -8.9473350235804e+01 02.1175824000000e-14 00.0000000000000e+00 00.0000000000000e+00 00.0000000000000e+00 2010 148 04 39 57.529 01.3970000000000e+03 07.1350447850000e-08 -1.2474577890958e-01 02.9878452054000e-17 05.1074050000000e-05 -8.9295475239500e+01 02.1387582000000e-14 00.0000000000000e+00 00.0000000000000e+00 00.0000000000000e+00
CRYO2 2010 166 03 02 2010 166 03 15     006 1 2010 166 03 08 52.751 07.6200000000000e+02 03.8793865008000e-08 06.8178773200196e-02 08.0679889440000e-20 05.0910584000000e-05 08.9473455643302e+01 01.0587912000000e-16 00.0000000000000e+00 00.0000000000000e+00 00.0000000000000e+00
CRYO2 2010 169 01 14 2010 169 01 15     006 1 2010 169 01 14 54.673 03.9000000000000e+01 01.9856087940000e-09 03.3210937436556e-03 -4.1292856800000e-21 05.0913046000000e-05 08.5156249837322e+01 -1.0587912000000e-16 00.0000000000000e+00 00.0000000000000e+00 00.0000000000000e+00
CRYO2 2010 201 12 37 2010 201 12 37     006 1 2010 201 12 37 34.000 01.0000000000000e+00 02.2726237000000e-10 -2.0723324910814e-04 09.4867690000000e-20 02.2726237000000e-04 -2.0723324910814e+02 09.4867690000000e-14 00.0000000000000e+00 00.0000000000000e+00 00.0000000000000e+00
CRYO2 2010 275 03 01 2010 275 07 31     006 2 2010 275 03 03 08.000 02.2400000000000e+02 01.1395850368000e-08 -1.9752194849395e-02 04.7671014720000e-18 05.0874332000000e-05 -8.8179441291943e+01 02.1281703000000e-14 00.0000000000000e+00 00.0000000000000e+00 00.0000000000000e+00 2010 275 07 29 48.600 02.5400000000000e+02 01.2922492062000e-08 02.2303162397308e-02 00.0000000000000e+00 05.0875953000000e-05 08.7807725973652e+01 00.0000000000000e+00 00.0000000000000e+00 00.0000000000000e+00 00.0000000000000e+00
CRYO2 2010 301 06 33 2010 301 06 33     006 1 2010 301 06 33 30.361 03.4000000000000e+01 01.7250247480000e-09 03.0598308874464e-03 -3.5998900800000e-21 05.0736022000000e-05 08.9995026101364e+01 -1.0587912000000e-16 00.0000000000000e+00 00.0000000000000e+00 00.0000000000000e+00
