ENVI1 2002 109 04 55 2002 109 07 46
ENVI1 2002 129 05 21 2002 129 08 12
ENVI1 2002 152 10 26 2002 152 13 16
ENVI1 2002 187 03 47 2002 187 06 38
ENVI1 2002 218 03 38 2002 218 06 28
ENVI1 2002 238 17 07 2002 238 19 58
ENVI1 2002 252 23 35 2002 253 01 48
ENVI1 2002 254 01 55 2002 254 03 55
ENVI1 2002 268 22 21 2002 269 01 11
ENVI1 2002 290 19 18 2002 290 22 09
ENVI1 2002 311 18 15 2002 311 21 06
ENVI1 2002 333 03 35 2002 333 06 25
ENVI1 2002 352 04 28 2002 352 06 36
ENVI1 2002 352 22 17 2002 353 00 17
ENVI1 2003 014 00 55 2003 014 03 45
ENVI1 2003 042 23 04 2003 043 01 04
ENVI1 2003 052 03 42 2003 052 05 53
ENVI1 2003 062 23 51 2003 063 01 51
ENVI1 2003 094 00 41 2003 094 02 41
ENVI1 2003 134 22 40 2003 135 00 40
ENVI1 2003 140 04 11 2003 140 06 23
ENVI1 2003 158 01 08 2003 158 03 08
ENVI1 2003 192 00 58 2003 192 03 49
ENVI1 2003 227 01 31 2003 227 03 31
ENVI1 2003 273 00 40 2003 273 02 41
ENVI1 2003 301 04 56 2003 301 07 09
ENVI1 2003 304 01 13 2003 304 03 13
ENVI1 2003 322 23 02 2003 323 01 52
ENVI1 2003 349 21 02 2003 349 23 02
ENVI1 2003 360 21 03 2003 360 23 03
ENVI1 2004 021 23 54 2004 022 01 54
ENVI1 2004 026 22 26 2004 027 00 26
ENVI1 2004 035 04 46 2004 035 06 58
ENVI1 2004 036 11 17 2004 036 13 17
ENVI1 2004 055 11 48 2004 055 13 48
ENVI1 2004 098 20 05 2004 098 22 05
ENVI1 2004 105 04 43 2004 105 06 55
ENVI1 2004 128 01 08 2004 128 03 09
ENVI1 2004 182 08 08 2004 182 10 08
ENVI1 2004 230 02 04 2004 230 04 04
ENVI1 2004 245 22 52 2004 246 00 52
ENVI1 2004 246 23 44 2004 247 01 44
ENVI1 2004 265 04 14 2004 265 06 29
ENVI1 2004 268 03 53 2004 268 05 53
ENVI1 2004 296 03 20 2004 296 07 00
ENVI1 2004 317 01 07 2004 317 03 08
ENVI1 2004 352 01 03 2004 352 03 03
ENVI1 2005 005 23 10 2005 006 01 10
ENVI1 2005 007 04 25 2005 007 06 38
ENVI1 2005 049 01 23 2005 049 03 23
ENVI1 2005 076 04 51 2005 076 07 06
ENVI1 2005 089 22 45 2005 090 00 46
ENVI1 2005 091 22 37 2005 092 00 37
ENVI1 2005 140 00 10 2005 140 02 10
ENVI1 2005 159 19 06 2005 159 21 06
ENVI1 2005 221 22 45 2005 222 00 45
ENVI1 2005 250 05 19 2005 250 07 36
ENVI1 2005 279 02 19 2005 279 02 19
ENVI1 2005 336 00 10 2005 336 00 10
ENVI1 2006 004 05 01 2006 004 05 01
ENVI1 2006 010 05 54 2006 010 06 11
ENVI1 2006 019 23 47 2006 019 23 47
ENVI1 2006 087 05 33 2006 087 05 52
ENVI1 2006 090 05 48 2006 090 05 48
ENVI1 2006 152 00 53 2006 152 00 53
ENVI1 2006 171 01 18 2006 171 02 58
ENVI1 2006 255 02 19 2006 255 04 19
ENVI1 2006 256 05 22 2006 256 05 40
ENVI1 2006 319 03 07 2006 319 03 08
ENVI1 2006 354 23 39 2006 354 23 39
ENVI1 2007 023 04 33 2007 023 04 51
ENVI1 2007 024 02 03 2007 024 02 03
ENVI1 2007 053 03 06 2007 053 03 06
ENVI1 2007 093 04 34 2007 093 04 50
ENVI1 2007 095 03 05 2007 095 03 05
ENVI1 2007 136 03 36 2007 136 03 36
ENVI1 2007 166 01 36 2007 166 01 36
ENVI1 2007 191 03 00 2007 191 03 00
ENVI1 2007 198 04 41 2007 198 04 43
ENVI1 2007 199 03 07 2007 199 03 08
ENVI1 2007 221 02 59 2007 221 02 59
ENVI1 2007 270 05 16 2007 270 05 31
ENVI1 2007 271 03 16 2007 271 03 16
ENVI1 2007 298 03 00 2007 298 03 00
ENVI1 2007 333 03 19 2007 333 03 19
ENVI1 2007 338 04 34 2007 338 04 49
ENVI1 2007 341 02 47 2007 341 02 47
ENVI1 2008 002 20 29 2008 002 20 29
ENVI1 2008 010 20 45 2008 010 20 45
ENVI1 2008 043 04 35 2008 043 04 49
ENVI1 2008 067 03 17 2008 067 03 17
ENVI1 2008 109 03 21 2008 109 03 21
ENVI1 2008 113 04 37 2008 113 04 47
ENVI1 2008 115 14 11 2008 115 14 11
ENVI1 2008 151 03 05 2008 151 03 05
ENVI1 2008 183 04 41 2008 183 04 43
ENVI1 2008 185 03 15 2008 185 04 55
ENVI1 2008 242 01 36 2008 242 01 36
ENVI1 2008 253 04 34 2008 253 04 50
ENVI1 2008 254 02 41 2008 254 02 41
ENVI1 2008 263 02 54 2008 263 02 54
ENVI1 2008 312 01 37 2008 312 01 37
ENVI1 2008 323 04 35 2008 323 04 49
ENVI1 2008 354 03 12 2008 354 03 12
ENVI1 2009 027 03 35 2009 027 05 49
ENVI1 2009 028 01 26 2009 028 03 26
ENVI1 2009 048 03 27 2009 048 03 27
ENVI1 2009 072 03 06 2009 072 03 06
ENVI1 2009 097 04 34 2009 097 04 50
