ENVI1 2002 109 04 55 2002 109 07 46
ENVI1 2002 129 05 21 2002 129 08 12
ENVI1 2002 152 10 26 2002 152 13 16
ENVI1 2002 187 03 47 2002 187 06 38
ENVI1 2002 218 03 38 2002 218 06 28
ENVI1 2002 238 17 07 2002 238 19 58
ENVI1 2002 252 23 35 2002 253 01 48
ENVI1 2002 254 01 55 2002 254 03 55
ENVI1 2002 268 22 21 2002 269 01 11
ENVI1 2002 290 19 18 2002 290 22 09
ENVI1 2002 311 18 15 2002 311 21 06
ENVI1 2002 333 03 35 2002 333 06 25
ENVI1 2002 352 04 28 2002 352 06 36
ENVI1 2002 352 22 17 2002 353 00 17
ENVI1 2003 014 00 55 2003 014 03 45
ENVI1 2003 042 23 04 2003 043 01 04
ENVI1 2003 052 03 42 2003 052 05 53
ENVI1 2003 062 23 51 2003 063 01 51
