HY-2A 2011 271 16 20 2011 271 16 20     006 1 2011 271 16 20 34.000 02.5448000000000e+01 00.0000000000000e+00 01.2033496400000e-02 00.0000000000000e+00 00.0000000000000e+00 04.7286609556743e+02 00.0000000000000e+00 00.0000000000000e+00 00.0000000000000e+00 00.0000000000000e+00
HY-2A 2012 045 03 05 2012 045 03 05     006 1 2012 045 03 05 34.000 05.2480000000000e+00 00.0000000000000e+00 02.5063113000000e-03 00.0000000000000e+00 00.0000000000000e+00 04.7757456173780e+02 00.0000000000000e+00 00.0000000000000e+00 00.0000000000000e+00 00.0000000000000e+00
HY-2A 2012 055 03 20 2012 055 03 20     006 1 2012 055 03 20 34.000 01.3782000000000e+01 00.0000000000000e+00 06.5164960000000e-03 00.0000000000000e+00 00.0000000000000e+00 04.7282658540125e+02 00.0000000000000e+00 00.0000000000000e+00 00.0000000000000e+00 00.0000000000000e+00
HY-2A 2012 111 03 20 2012 111 03 20     006 1 2012 111 03 20 34.000 08.8820000000000e+00 00.0000000000000e+00 04.2612418000000e-03 00.0000000000000e+00 00.0000000000000e+00 04.7976151767620e+02 00.0000000000000e+00 00.0000000000000e+00 00.0000000000000e+00 00.0000000000000e+00
HY-2A 2012 160 02 35 2012 160 02 35     006 1 2012 160 02 35 34.000 01.3800000000000e+01 00.0000000000000e+00 06.6203909000000e-03 00.0000000000000e+00 00.0000000000000e+00 04.7973847101449e+02 00.0000000000000e+00 00.0000000000000e+00 00.0000000000000e+00 00.0000000000000e+00
HY-2A 2012 214 03 25 2012 214 03 25     006 1 2012 214 03 25 35.000 01.4626000000000e+01 00.0000000000000e+00 07.0175777000000e-03 00.0000000000000e+00 00.0000000000000e+00 04.7980156570491e+02 00.0000000000000e+00 00.0000000000000e+00 00.0000000000000e+00 00.0000000000000e+00
HY-2A 2012 284 03 26 2012 284 03 26     006 1 2012 284 03 26 35.000 01.2434000000000e+01 00.0000000000000e+00 05.9650854000000e-03 00.0000000000000e+00 00.0000000000000e+00 04.7973985845263e+02 00.0000000000000e+00 00.0000000000000e+00 00.0000000000000e+00 00.0000000000000e+00
HY-2A 2012 340 01 50 2012 340 01 50     006 1 2012 340 01 50 35.000 01.0972000000000e+01 00.0000000000000e+00 05.2642216000000e-03 00.0000000000000e+00 00.0000000000000e+00 04.7978687568356e+02 00.0000000000000e+00 00.0000000000000e+00 00.0000000000000e+00 00.0000000000000e+00
HY-2A 2013 011 03 20 2013 011 03 20     006 1 2013 011 03 20 35.000 01.3060000000000e+01 00.0000000000000e+00 06.2662687000000e-03 00.0000000000000e+00 00.0000000000000e+00 04.7980617917305e+02 00.0000000000000e+00 00.0000000000000e+00 00.0000000000000e+00 00.0000000000000e+00
HY-2A 2013 060 02 35 2013 060 02 35     006 1 2013 060 02 35 35.000 01.3352000000000e+01 00.0000000000000e+00 05.7652157000000e-03 00.0000000000000e+00 00.0000000000000e+00 04.3178667615339e+02 00.0000000000000e+00 00.0000000000000e+00 00.0000000000000e+00 00.0000000000000e+00
HY-2A 2013 106 01 17 2013 106 01 17     006 1 2013 106 01 17 24.920 01.2216000000000e+01 00.0000000000000e+00 05.2750897000000e-03 00.0000000000000e+00 00.0000000000000e+00 04.3181808284217e+02 00.0000000000000e+00 00.0000000000000e+00 00.0000000000000e+00 00.0000000000000e+00
HY-2A 2013 150 02 58 2013 150 02 58     006 1 2013 150 02 58 35.000 01.5092000000000e+01 00.0000000000000e+00 06.5167582000000e-03 00.0000000000000e+00 00.0000000000000e+00 04.3180216008481e+02 00.0000000000000e+00 00.0000000000000e+00 00.0000000000000e+00 00.0000000000000e+00
HY-2A 2013 193 03 25 2013 193 03 25     006 1 2013 193 03 25 35.000 01.6256000000000e+01 00.0000000000000e+00 07.0179288000000e-03 00.0000000000000e+00 00.0000000000000e+00 04.3171313976378e+02 00.0000000000000e+00 00.0000000000000e+00 00.0000000000000e+00 00.0000000000000e+00
HY-2A 2013 200 04 15 2013 200 04 15     006 1 2013 200 04 15 35.000 01.1608000000000e+01 00.0000000000000e+00 05.0125055000000e-03 00.0000000000000e+00 00.0000000000000e+00 04.3181473983460e+02 00.0000000000000e+00 00.0000000000000e+00 00.0000000000000e+00 00.0000000000000e+00
HY-2A 2013 235 03 25 2013 235 03 25     006 1 2013 235 03 25 35.000 01.3332000000000e+01 00.0000000000000e+00 05.5137968000000e-03 00.0000000000000e+00 00.0000000000000e+00 04.1357611761176e+02 00.0000000000000e+00 00.0000000000000e+00 00.0000000000000e+00 00.0000000000000e+00
HY-2A 2013 319 03 23 2013 319 03 23     006 1 2013 319 03 23 35.000 01.9054000000000e+01 00.0000000000000e+00 07.7698807000000e-03 00.0000000000000e+00 00.0000000000000e+00 04.0778212973654e+02 00.0000000000000e+00 00.0000000000000e+00 00.0000000000000e+00 00.0000000000000e+00
HY-2A 2013 358 02 25 2013 358 02 25     006 1 2013 358 02 25 35.000 01.9612000000000e+01 00.0000000000000e+00 08.0768786000000e-03 00.0000000000000e+00 00.0000000000000e+00 04.1183349989802e+02 00.0000000000000e+00 00.0000000000000e+00 00.0000000000000e+00 00.0000000000000e+00
HY-2A 2014 049 04 02 2014 049 04 02     006 1 2014 049 04 02 35.000 01.9808000000000e+01 00.0000000000000e+00 08.0759809000000e-03 00.0000000000000e+00 00.0000000000000e+00 04.0771309067044e+02 00.0000000000000e+00 00.0000000000000e+00 00.0000000000000e+00 00.0000000000000e+00
HY-2A 2014 073 12 36 2014 073 12 36     006 1 2014 073 12 36 35.000 01.9868000000000e+01 00.0000000000000e+00 07.6245515000000e-03 00.0000000000000e+00 00.0000000000000e+00 03.8376039359775e+02 00.0000000000000e+00 00.0000000000000e+00 00.0000000000000e+00 00.0000000000000e+00
HY-2A 2014 106 03 23 2014 106 05 23     006 1 2014 106 04 23 35.000 01.9316000000000e+01 00.0000000000000e+00 07.5187321000000e-03 00.0000000000000e+00 00.0000000000000e+00 03.8924891799544e+02 00.0000000000000e+00 00.0000000000000e+00 00.0000000000000e+00 00.0000000000000e+00
