HY-2C 2020 295 00 34 2020 295 00 34     006 1 2020 295 00 34 37.000 01.0378000000000e+01 00.0000000000000e+00 02.1877237000000e-02 00.0000000000000e+00 00.0000000000000e+00 02.1080397957217e+03 00.0000000000000e+00 00.0000000000000e+00 00.0000000000000e+00 00.0000000000000e+00
HY-2C 2020 323 06 19 2020 323 06 19     006 1 2020 323 06 19 37.000 02.5980000000000e+00 00.0000000000000e+00 05.0336580000000e-03 00.0000000000000e+00 00.0000000000000e+00 01.9375127020785e+03 00.0000000000000e+00 00.0000000000000e+00 00.0000000000000e+00 00.0000000000000e+00
HY-2C 2021 071 03 01 2021 071 03 01     006 1 2021 071 03 01 37.000 03.7480000000000e+00 00.0000000000000e+00 07.2955830000000e-03 00.0000000000000e+00 00.0000000000000e+00 01.9465269477054e+03 00.0000000000000e+00 00.0000000000000e+00 00.0000000000000e+00 00.0000000000000e+00
HY-2C 2021 131 01 56 2021 131 01 56     006 1 2021 131 01 56 37.001 02.6250000000000e+00 00.0000000000000e+00 05.0304000000000e-03 00.0000000000000e+00 00.0000000000000e+00 01.9163428571429e+03 00.0000000000000e+00 00.0000000000000e+00 00.0000000000000e+00 00.0000000000000e+00
HY-2C 2021 162 07 00 2021 162 07 00     006 1 2021 162 07 00 37.000 02.6500000000000e+00 00.0000000000000e+00 04.5265460000000e-03 00.0000000000000e+00 00.0000000000000e+00 01.7081305660377e+03 00.0000000000000e+00 00.0000000000000e+00 00.0000000000000e+00 00.0000000000000e+00
HY-2C 2021 245 10 15 2021 245 10 15     006 1 2021 245 10 15 37.000 03.4000000000000e+00 00.0000000000000e+00 06.0351350000000e-03 00.0000000000000e+00 00.0000000000000e+00 01.7750397058824e+03 00.0000000000000e+00 00.0000000000000e+00 00.0000000000000e+00 00.0000000000000e+00
HY-2C 2021 287 01 40 2021 287 01 40     006 1 2021 287 01 40 37.000 02.8320000000000e+00 00.0000000000000e+00 04.5264940000000e-03 00.0000000000000e+00 00.0000000000000e+00 01.5983382768362e+03 00.0000000000000e+00 00.0000000000000e+00 00.0000000000000e+00 00.0000000000000e+00
HY-2C 2022 005 06 43 2022 005 06 43     006 1 2022 005 06 43 37.000 04.7700000000000e+00 00.0000000000000e+00 09.0547090000000e-03 00.0000000000000e+00 00.0000000000000e+00 01.8982618448637e+03 00.0000000000000e+00 00.0000000000000e+00 00.0000000000000e+00 00.0000000000000e+00
HY-2C 2022 053 02 07 2022 053 02 07     006 1 2022 053 02 07 37.000 03.4480000000000e+00 00.0000000000000e+00 05.5374950000000e-03 00.0000000000000e+00 00.0000000000000e+00 01.6060020301624e+03 00.0000000000000e+00 00.0000000000000e+00 00.0000000000000e+00 00.0000000000000e+00
HY-2C 2022 104 07 55 2022 104 07 55     006 1 2022 104 07 55 37.000 06.4700000000000e+00 00.0000000000000e+00 01.1073992000000e-02 00.0000000000000e+00 00.0000000000000e+00 01.7115907264297e+03 00.0000000000000e+00 00.0000000000000e+00 00.0000000000000e+00 00.0000000000000e+00
