JASO1 2001 345 13 08 2001 345 15 57
JASO1 2001 347 21 17 2001 348 00 06
JASO1 2001 351 07 35 2001 351 10 31
JASO1 2001 354 06 45 2001 354 09 39
JASO1 2002 010 01 49 2002 010 04 40
JASO1 2002 013 01 03 2002 013 03 53
JASO1 2002 035 00 45 2002 035 03 34
JASO1 2002 064 18 40 2002 064 19 37
JASO1 2002 134 04 30 2002 134 05 27
JASO1 2002 183 18 23 2002 183 19 20
JASO1 2002 263 02 11 2002 263 03 08
JASO1 2002 302 18 05 2002 302 19 02
JASO1 2002 352 07 58 2002 352 08 55
JASO1 2003 046 19 49 2003 046 20 46
JASO1 2003 106 07 40 2003 106 08 37
JASO1 2003 116 05 39 2003 116 06 36
JASO1 2003 175 17 30 2003 175 18 27
JASO1 2003 274 21 15 2003 274 22 12
JASO1 2003 338 08 40 2003 338 09 37
JASO1 2004 009 01 00 2004 009 03 50
JASO1 2004 055 15 40 2004 055 18 30
JASO1 2004 078 10 50 2004 078 13 39
JASO1 2004 167 16 37 2004 167 19 26
JASO1 2004 217 06 29 2004 217 09 19
JASO1 2004 286 16 19 2004 286 19 08
JASO1 2005 019 20 04 2005 019 22 54
JASO1 2005 138 19 47 2005 138 22 36
JASO1 2005 277 15 26 2005 277 18 16
JASO1 2005 327 05 19 2005 327 08 08
JASO1 2005 356 23 14 2005 357 02 04
JASO1 2006 031 15 08 2006 031 17 58
JASO1 2006 051 11 06 2006 051 13 55
JASO1 2006 110 22 57 2006 111 01 46
JASO1 2006 180 08 46 2006 180 11 36
JASO1 2006 269 14 33 2006 269 17 23
JASO1 2006 348 22 21 2006 349 01 10
JASO1 2007 023 14 16 2007 023 17 05
JASO1 2007 053 08 11 2007 053 08 12
JASO1 2007 122 18 01 2007 122 20 50
JASO1 2007 231 19 45 2007 231 22 34
JASO1 2007 330 23 30 2007 331 02 19
JASO1 2007 360 17 26 2007 360 20 15
JASO1 2008 104 19 09 2008 104 21 59
JASO1 2008 114 17 08 2008 114 19 57
JASO1 2008 119 23 32 2008 120 02 21
JASO1 2008 213 20 53 2008 213 23 43
JASO1 2008 303 02 40 2008 303 05 29
