JASO1 2001 345 13 08 2001 345 15 57
JASO1 2001 347 21 17 2001 348 00 06
JASO1 2001 351 07 35 2001 351 10 31
JASO1 2001 354 06 45 2001 354 09 39
JASO1 2002 010 01 49 2002 010 04 40
JASO1 2002 013 01 03 2002 013 03 53
JASO1 2002 035 00 45 2002 035 03 34
JASO1 2002 064 18 40 2002 064 19 37
JASO1 2002 134 04 30 2002 134 05 27
JASO1 2002 183 18 23 2002 183 19 20
JASO1 2002 263 02 11 2002 263 03 08
JASO1 2002 302 18 05 2002 302 19 02
JASO1 2002 352 07 58 2002 352 08 55
JASO1 2003 046 19 49 2003 046 20 46
JASO1 2003 106 07 40 2003 106 08 37
JASO1 2003 116 05 39 2003 116 06 36
JASO1 2003 175 17 30 2003 175 18 27
JASO1 2003 274 21 15 2003 274 22 12
JASO1 2003 338 08 40 2003 338 09 37
