JASO1 2001 345 13 08 2001 345 15 57     007 2 2001 345 13 08 39.789 04.5180000000000e+00 00.0000000000000e+00 01.8640000000000e-02 00.0000000000000e+00 00.0000000000000e+00 04.1257193448429e+03 00.0000000000000e+00 00.0000000000000e+00 00.0000000000000e+00 00.0000000000000e+00 2001 345 15 56 58.867 04.5620000000000e+00 00.0000000000000e+00 01.8640000000000e-02 00.0000000000000e+00 00.0000000000000e+00 04.0859272249014e+03 00.0000000000000e+00 00.0000000000000e+00 00.0000000000000e+00 00.0000000000000e+00
JASO1 2001 347 21 17 2001 348 00 06     007 2 2001 347 21 17 21.987 04.5320000000000e+00 00.0000000000000e+00 01.8640000000000e-02 00.0000000000000e+00 00.0000000000000e+00 04.1129744042365e+03 00.0000000000000e+00 00.0000000000000e+00 00.0000000000000e+00 00.0000000000000e+00 2001 348 00 05 40.654 04.5750000000000e+00 00.0000000000000e+00 01.8640000000000e-02 00.0000000000000e+00 00.0000000000000e+00 04.0743169398907e+03 00.0000000000000e+00 00.0000000000000e+00 00.0000000000000e+00 00.0000000000000e+00
JASO1 2001 351 07 35 2001 351 10 31     007 2 2001 351 07 38 38.964 03.0107800000000e+02 00.0000000000000e+00 02.4297500000000e+00 00.0000000000000e+00 00.0000000000000e+00 08.0701678634772e+03 00.0000000000000e+00 00.0000000000000e+00 00.0000000000000e+00 00.0000000000000e+00 2001 351 10 30 17.979 01.0295500000000e+02 00.0000000000000e+00 07.9855000000000e-01 00.0000000000000e+00 00.0000000000000e+00 07.7563012966830e+03 00.0000000000000e+00 00.0000000000000e+00 00.0000000000000e+00 00.0000000000000e+00
JASO1 2001 354 06 45 2001 354 09 39     007 2 2001 354 06 47 18.350 02.1898700000000e+02 00.0000000000000e+00 01.5898100000000e+00 00.0000000000000e+00 00.0000000000000e+00 07.2598373419427e+03 00.0000000000000e+00 00.0000000000000e+00 00.0000000000000e+00 00.0000000000000e+00 2001 354 09 37 08.009 01.9968600000000e+02 00.0000000000000e+00 01.3993300000000e+00 00.0000000000000e+00 00.0000000000000e+00 07.0076520136614e+03 00.0000000000000e+00 00.0000000000000e+00 00.0000000000000e+00 00.0000000000000e+00
JASO1 2002 010 01 49 2002 010 04 40     007 2 2002 010 01 50 21.806 08.9061000000000e+01 00.0000000000000e+00 -6.2445000000000e-01 00.0000000000000e+00 00.0000000000000e+00 -7.0114865092465e+03 00.0000000000000e+00 00.0000000000000e+00 00.0000000000000e+00 00.0000000000000e+00 2002 010 04 39 05.303 09.0742000000000e+01 00.0000000000000e+00 -6.2445000000000e-01 00.0000000000000e+00 00.0000000000000e+00 -6.8815983778184e+03 00.0000000000000e+00 00.0000000000000e+00 00.0000000000000e+00 00.0000000000000e+00
JASO1 2002 013 01 03 2002 013 03 53     007 2 2002 013 01 04 09.042 03.0380000000000e+00 00.0000000000000e+00 -9.7800000000000e-03 00.0000000000000e+00 00.0000000000000e+00 -3.2192231731402e+03 00.0000000000000e+00 00.0000000000000e+00 00.0000000000000e+00 00.0000000000000e+00 2002 013 03 52 47.307 03.0620000000000e+00 00.0000000000000e+00 -9.7800000000000e-03 00.0000000000000e+00 00.0000000000000e+00 -3.1939908556499e+03 00.0000000000000e+00 00.0000000000000e+00 00.0000000000000e+00 00.0000000000000e+00
JASO1 2002 035 00 45 2002 035 03 34     007 2 2002 035 00 45 26.347 01.1980000000000e+00 00.0000000000000e+00 03.9200000000000e-03 00.0000000000000e+00 00.0000000000000e+00 03.2721202003339e+03 00.0000000000000e+00 00.0000000000000e+00 00.0000000000000e+00 00.0000000000000e+00 2002 035 01 41 39.821 01.2070000000000e+00 00.0000000000000e+00 03.9200000000000e-03 00.0000000000000e+00 00.0000000000000e+00 03.2477216238608e+03 00.0000000000000e+00 00.0000000000000e+00 00.0000000000000e+00 00.0000000000000e+00
JASO1 2002 064 18 40 2002 064 19 37     007 2 2002 064 18 41 00.247 01.4870000000000e+00 00.0000000000000e+00 04.8600000000000e-03 00.0000000000000e+00 00.0000000000000e+00 03.2683254875588e+03 00.0000000000000e+00 00.0000000000000e+00 00.0000000000000e+00 00.0000000000000e+00 2002 064 19 37 13.656 01.4990000000000e+00 00.0000000000000e+00 04.8600000000000e-03 00.0000000000000e+00 00.0000000000000e+00 03.2421614409606e+03 00.0000000000000e+00 00.0000000000000e+00 00.0000000000000e+00 00.0000000000000e+00
JASO1 2002 134 04 30 2002 134 05 27     007 2 2002 134 04 30 41.140 01.4310000000000e+00 00.0000000000000e+00 04.6200000000000e-03 00.0000000000000e+00 00.0000000000000e+00 03.2285115303983e+03 00.0000000000000e+00 00.0000000000000e+00 00.0000000000000e+00 00.0000000000000e+00 2002 134 05 26 54.419 01.4430000000000e+00 00.0000000000000e+00 04.6200000000000e-03 00.0000000000000e+00 00.0000000000000e+00 03.2016632016632e+03 00.0000000000000e+00 00.0000000000000e+00 00.0000000000000e+00 00.0000000000000e+00
JASO1 2002 183 18 23 2002 183 19 20     007 2 2002 183 18 23 19.177 01.0260000000000e+00 00.0000000000000e+00 03.3200000000000e-03 00.0000000000000e+00 00.0000000000000e+00 03.2358674463938e+03 00.0000000000000e+00 00.0000000000000e+00 00.0000000000000e+00 00.0000000000000e+00 2002 183 19 19 32.597 01.0340000000000e+00 00.0000000000000e+00 03.3200000000000e-03 00.0000000000000e+00 00.0000000000000e+00 03.2108317214700e+03 00.0000000000000e+00 00.0000000000000e+00 00.0000000000000e+00 00.0000000000000e+00
JASO1 2002 263 02 11 2002 263 03 08     007 2 2002 263 02 11 32.399 01.1860000000000e+00 00.0000000000000e+00 03.8300000000000e-03 00.0000000000000e+00 00.0000000000000e+00 03.2293423271501e+03 00.0000000000000e+00 00.0000000000000e+00 00.0000000000000e+00 00.0000000000000e+00 2002 263 03 07 45.975 01.1950000000000e+00 00.0000000000000e+00 03.8300000000000e-03 00.0000000000000e+00 00.0000000000000e+00 03.2050209205021e+03 00.0000000000000e+00 00.0000000000000e+00 00.0000000000000e+00 00.0000000000000e+00
JASO1 2002 302 18 05 2002 302 19 02     007 2 2002 302 18 05 38.477 01.1860000000000e+00 00.0000000000000e+00 03.8400000000000e-03 00.0000000000000e+00 00.0000000000000e+00 03.2377740303541e+03 00.0000000000000e+00 00.0000000000000e+00 00.0000000000000e+00 00.0000000000000e+00 2002 302 19 01 52.105 01.1950000000000e+00 00.0000000000000e+00 03.8400000000000e-03 00.0000000000000e+00 00.0000000000000e+00 03.2133891213389e+03 00.0000000000000e+00 00.0000000000000e+00 00.0000000000000e+00 00.0000000000000e+00
JASO1 2002 352 07 58 2002 352 08 55     007 2 2002 352 07 58 16.893 01.0990000000000e+00 00.0000000000000e+00 03.5600000000000e-03 00.0000000000000e+00 00.0000000000000e+00 03.2393084622384e+03 00.0000000000000e+00 00.0000000000000e+00 00.0000000000000e+00 00.0000000000000e+00 2002 352 08 54 30.300 01.1080000000000e+00 00.0000000000000e+00 03.5600000000000e-03 00.0000000000000e+00 00.0000000000000e+00 03.2129963898917e+03 00.0000000000000e+00 00.0000000000000e+00 00.0000000000000e+00 00.0000000000000e+00
JASO1 2003 046 19 49 2003 046 20 46     007 2 2003 046 19 49 25.419 01.1780000000000e+00 00.0000000000000e+00 03.8300000000000e-03 00.0000000000000e+00 00.0000000000000e+00 03.2512733446520e+03 00.0000000000000e+00 00.0000000000000e+00 00.0000000000000e+00 00.0000000000000e+00 2003 046 20 45 38.888 01.1870000000000e+00 00.0000000000000e+00 03.8300000000000e-03 00.0000000000000e+00 00.0000000000000e+00 03.2266217354676e+03 00.0000000000000e+00 00.0000000000000e+00 00.0000000000000e+00 00.0000000000000e+00
JASO1 2003 106 07 40 2003 106 08 37     007 2 2003 106 07 40 35.877 01.2830000000000e+00 00.0000000000000e+00 04.1600000000000e-03 00.0000000000000e+00 00.0000000000000e+00 03.2424006235386e+03 00.0000000000000e+00 00.0000000000000e+00 00.0000000000000e+00 00.0000000000000e+00 2003 106 08 36 48.974 01.2930000000000e+00 00.0000000000000e+00 04.1600000000000e-03 00.0000000000000e+00 00.0000000000000e+00 03.2173240525909e+03 00.0000000000000e+00 00.0000000000000e+00 00.0000000000000e+00 00.0000000000000e+00
JASO1 2003 116 05 39 2003 116 06 36     007 2 2003 116 05 39 09.880 06.4800000000000e-01 00.0000000000000e+00 -2.1000000000000e-03 00.0000000000000e+00 00.0000000000000e+00 -3.2407407407407e+03 00.0000000000000e+00 00.0000000000000e+00 00.0000000000000e+00 00.0000000000000e+00 2003 116 06 35 23.032 06.5300000000000e-01 00.0000000000000e+00 -2.1000000000000e-03 00.0000000000000e+00 00.0000000000000e+00 -3.2159264931087e+03 00.0000000000000e+00 00.0000000000000e+00 00.0000000000000e+00 00.0000000000000e+00
JASO1 2003 175 17 30 2003 175 18 27     007 2 2003 175 17 30 17.681 01.0600000000000e+00 00.0000000000000e+00 03.4200000000000e-03 00.0000000000000e+00 00.0000000000000e+00 03.2264150943396e+03 00.0000000000000e+00 00.0000000000000e+00 00.0000000000000e+00 00.0000000000000e+00 2003 175 18 26 30.898 01.0680000000000e+00 00.0000000000000e+00 03.4200000000000e-03 00.0000000000000e+00 00.0000000000000e+00 03.2022471910112e+03 00.0000000000000e+00 00.0000000000000e+00 00.0000000000000e+00 00.0000000000000e+00
JASO1 2003 274 21 15 2003 274 22 12     007 2 2003 274 21 15 34.118 09.3500000000000e-01 00.0000000000000e+00 03.0300000000000e-03 00.0000000000000e+00 00.0000000000000e+00 03.2406417112299e+03 00.0000000000000e+00 00.0000000000000e+00 00.0000000000000e+00 00.0000000000000e+00 2003 274 22 11 47.574 09.4200000000000e-01 00.0000000000000e+00 03.0300000000000e-03 00.0000000000000e+00 00.0000000000000e+00 03.2165605095541e+03 00.0000000000000e+00 00.0000000000000e+00 00.0000000000000e+00 00.0000000000000e+00
JASO1 2003 338 08 40 2003 338 09 37     007 2 2003 338 08 40 36.328 01.3760000000000e+00 00.0000000000000e+00 04.4300000000000e-03 00.0000000000000e+00 00.0000000000000e+00 03.2194767441860e+03 00.0000000000000e+00 00.0000000000000e+00 00.0000000000000e+00 00.0000000000000e+00 2003 338 09 36 49.562 01.3860000000000e+00 00.0000000000000e+00 04.4300000000000e-03 00.0000000000000e+00 00.0000000000000e+00 03.1962481962482e+03 00.0000000000000e+00 00.0000000000000e+00 00.0000000000000e+00 00.0000000000000e+00
JASO1 2004 009 01 00 2004 009 03 50     007 2 2004 009 01 00 53.673 03.9800000000000e-01 00.0000000000000e+00 -1.2800000000000e-03 00.0000000000000e+00 00.0000000000000e+00 -3.2160804020100e+03 00.0000000000000e+00 00.0000000000000e+00 00.0000000000000e+00 00.0000000000000e+00 2004 009 03 49 32.880 04.0100000000000e-01 00.0000000000000e+00 -1.2800000000000e-03 00.0000000000000e+00 00.0000000000000e+00 -3.1920199501247e+03 00.0000000000000e+00 00.0000000000000e+00 00.0000000000000e+00 00.0000000000000e+00
JASO1 2004 055 15 40 2004 055 18 30     007 2 2004 055 15 41 08.553 01.3090000000000e+00 00.0000000000000e+00 04.1900000000000e-03 00.0000000000000e+00 00.0000000000000e+00 03.2009167303285e+03 00.0000000000000e+00 00.0000000000000e+00 00.0000000000000e+00 00.0000000000000e+00 2004 055 18 29 47.549 01.3190000000000e+00 00.0000000000000e+00 04.1900000000000e-03 00.0000000000000e+00 00.0000000000000e+00 03.1766489764973e+03 00.0000000000000e+00 00.0000000000000e+00 00.0000000000000e+00 00.0000000000000e+00
JASO1 2004 078 10 50 2004 078 13 39     007 2 2004 078 10 50 33.962 02.5300000000000e-01 00.0000000000000e+00 -8.2000000000000e-04 00.0000000000000e+00 00.0000000000000e+00 -3.2411067193676e+03 00.0000000000000e+00 00.0000000000000e+00 00.0000000000000e+00 00.0000000000000e+00 2004 078 13 39 12.844 02.5500000000000e-01 00.0000000000000e+00 -8.2000000000000e-04 00.0000000000000e+00 00.0000000000000e+00 -3.2156862745098e+03 00.0000000000000e+00 00.0000000000000e+00 00.0000000000000e+00 00.0000000000000e+00
JASO1 2004 167 16 37 2004 167 19 26     007 2 2004 167 16 37 17.449 01.0880000000000e+00 00.0000000000000e+00 03.4900000000000e-03 00.0000000000000e+00 00.0000000000000e+00 03.2077205882353e+03 00.0000000000000e+00 00.0000000000000e+00 00.0000000000000e+00 00.0000000000000e+00 2004 167 19 25 56.461 01.0970000000000e+00 00.0000000000000e+00 03.4900000000000e-03 00.0000000000000e+00 00.0000000000000e+00 03.1814038286235e+03 00.0000000000000e+00 00.0000000000000e+00 00.0000000000000e+00 00.0000000000000e+00
JASO1 2004 217 06 29 2004 217 09 19     007 2 2004 217 06 30 00.181 02.8900000000000e-01 00.0000000000000e+00 -9.3000000000000e-04 00.0000000000000e+00 00.0000000000000e+00 -3.2179930795848e+03 00.0000000000000e+00 00.0000000000000e+00 00.0000000000000e+00 00.0000000000000e+00 2004 217 09 18 39.109 02.9100000000000e-01 00.0000000000000e+00 -9.3000000000000e-04 00.0000000000000e+00 00.0000000000000e+00 -3.1958762886598e+03 00.0000000000000e+00 00.0000000000000e+00 00.0000000000000e+00 00.0000000000000e+00
JASO1 2004 286 16 19 2004 286 19 08     007 2 2004 286 16 19 37.753 01.1890000000000e+00 00.0000000000000e+00 03.8200000000000e-03 00.0000000000000e+00 00.0000000000000e+00 03.2127838519765e+03 00.0000000000000e+00 00.0000000000000e+00 00.0000000000000e+00 00.0000000000000e+00 2004 286 19 08 17.065 01.1980000000000e+00 00.0000000000000e+00 03.8200000000000e-03 00.0000000000000e+00 00.0000000000000e+00 03.1886477462437e+03 00.0000000000000e+00 00.0000000000000e+00 00.0000000000000e+00 00.0000000000000e+00
JASO1 2005 019 20 04 2005 019 22 54     007 2 2005 019 20 04 54.309 01.1150000000000e+00 00.0000000000000e+00 03.6100000000000e-03 00.0000000000000e+00 00.0000000000000e+00 03.2376681614350e+03 00.0000000000000e+00 00.0000000000000e+00 00.0000000000000e+00 00.0000000000000e+00 2005 019 22 53 33.636 01.1240000000000e+00 00.0000000000000e+00 03.6100000000000e-03 00.0000000000000e+00 00.0000000000000e+00 03.2117437722420e+03 00.0000000000000e+00 00.0000000000000e+00 00.0000000000000e+00 00.0000000000000e+00
JASO1 2005 138 19 47 2005 138 22 36     007 2 2005 138 19 47 17.510 09.2700000000000e-01 00.0000000000000e+00 02.9900000000000e-03 00.0000000000000e+00 00.0000000000000e+00 03.2254584681769e+03 00.0000000000000e+00 00.0000000000000e+00 00.0000000000000e+00 00.0000000000000e+00 2005 138 22 35 56.588 09.3400000000000e-01 00.0000000000000e+00 02.9900000000000e-03 00.0000000000000e+00 00.0000000000000e+00 03.2012847965739e+03 00.0000000000000e+00 00.0000000000000e+00 00.0000000000000e+00 00.0000000000000e+00
JASO1 2005 277 15 26 2005 277 18 16     007 2 2005 277 15 26 43.646 08.9800000000000e-01 00.0000000000000e+00 02.8900000000000e-03 00.0000000000000e+00 00.0000000000000e+00 03.2182628062361e+03 00.0000000000000e+00 00.0000000000000e+00 00.0000000000000e+00 00.0000000000000e+00 2005 277 18 15 22.714 09.0500000000000e-01 00.0000000000000e+00 02.8900000000000e-03 00.0000000000000e+00 00.0000000000000e+00 03.1933701657459e+03 00.0000000000000e+00 00.0000000000000e+00 00.0000000000000e+00 00.0000000000000e+00
JASO1 2005 327 05 19 2005 327 08 08     007 2 2005 327 05 19 26.057 04.3300000000000e-01 00.0000000000000e+00 -1.4000000000000e-03 00.0000000000000e+00 00.0000000000000e+00 -3.2332563510393e+03 00.0000000000000e+00 00.0000000000000e+00 00.0000000000000e+00 00.0000000000000e+00 2005 327 08 08 04.945 04.3600000000000e-01 00.0000000000000e+00 -1.4000000000000e-03 00.0000000000000e+00 00.0000000000000e+00 -3.2110091743119e+03 00.0000000000000e+00 00.0000000000000e+00 00.0000000000000e+00 00.0000000000000e+00
JASO1 2005 356 23 14 2005 357 02 04     007 2 2005 356 23 14 58.989 07.2400000000000e-01 00.0000000000000e+00 02.3500000000000e-03 00.0000000000000e+00 00.0000000000000e+00 03.2458563535912e+03 00.0000000000000e+00 00.0000000000000e+00 00.0000000000000e+00 00.0000000000000e+00 2005 357 02 03 38.186 07.3000000000000e-01 00.0000000000000e+00 02.3500000000000e-03 00.0000000000000e+00 00.0000000000000e+00 03.2191780821918e+03 00.0000000000000e+00 00.0000000000000e+00 00.0000000000000e+00 00.0000000000000e+00
JASO1 2006 031 15 08 2006 031 17 58     007 2 2006 031 15 09 06.534 08.3600000000000e-01 00.0000000000000e+00 02.6900000000000e-03 00.0000000000000e+00 00.0000000000000e+00 03.2177033492823e+03 00.0000000000000e+00 00.0000000000000e+00 00.0000000000000e+00 00.0000000000000e+00 2006 031 17 57 45.510 08.4300000000000e-01 00.0000000000000e+00 02.6900000000000e-03 00.0000000000000e+00 00.0000000000000e+00 03.1909845788849e+03 00.0000000000000e+00 00.0000000000000e+00 00.0000000000000e+00 00.0000000000000e+00
JASO1 2006 051 11 06 2006 051 13 55     007 2 2006 051 11 06 13.240 08.0000000000000e-01 00.0000000000000e+00 -2.5900000000000e-03 00.0000000000000e+00 00.0000000000000e+00 -3.2375000000000e+03 00.0000000000000e+00 00.0000000000000e+00 00.0000000000000e+00 00.0000000000000e+00 2006 051 13 54 52.086 08.0600000000000e-01 00.0000000000000e+00 -2.5900000000000e-03 00.0000000000000e+00 00.0000000000000e+00 -3.2133995037221e+03 00.0000000000000e+00 00.0000000000000e+00 00.0000000000000e+00 00.0000000000000e+00
JASO1 2006 110 22 57 2006 111 01 46     007 2 2006 110 22 57 22.095 05.9100000000000e-01 00.0000000000000e+00 01.9100000000000e-03 00.0000000000000e+00 00.0000000000000e+00 03.2318104906937e+03 00.0000000000000e+00 00.0000000000000e+00 00.0000000000000e+00 00.0000000000000e+00 2006 111 01 46 01.116 05.9600000000000e-01 00.0000000000000e+00 01.9100000000000e-03 00.0000000000000e+00 00.0000000000000e+00 03.2046979865772e+03 00.0000000000000e+00 00.0000000000000e+00 00.0000000000000e+00 00.0000000000000e+00
JASO1 2006 180 08 46 2006 180 11 36     007 2 2006 180 08 47 02.378 04.6800000000000e-01 00.0000000000000e+00 01.5100000000000e-03 00.0000000000000e+00 00.0000000000000e+00 03.2264957264957e+03 00.0000000000000e+00 00.0000000000000e+00 00.0000000000000e+00 00.0000000000000e+00 2006 180 11 35 41.263 04.7100000000000e-01 00.0000000000000e+00 01.5100000000000e-03 00.0000000000000e+00 00.0000000000000e+00 03.2059447983015e+03 00.0000000000000e+00 00.0000000000000e+00 00.0000000000000e+00 00.0000000000000e+00
JASO1 2006 269 14 33 2006 269 17 23     007 2 2006 269 14 33 48.961 06.0800000000000e-01 00.0000000000000e+00 01.9600000000000e-03 00.0000000000000e+00 00.0000000000000e+00 03.2236842105263e+03 00.0000000000000e+00 00.0000000000000e+00 00.0000000000000e+00 00.0000000000000e+00 2006 269 17 22 28.068 06.0800000000000e-01 00.0000000000000e+00 01.9600000000000e-03 00.0000000000000e+00 00.0000000000000e+00 03.2236842105263e+03 00.0000000000000e+00 00.0000000000000e+00 00.0000000000000e+00 00.0000000000000e+00
JASO1 2006 348 22 21 2006 349 01 10     007 2 2006 348 22 22 04.121 04.6900000000000e-01 00.0000000000000e+00 01.5100000000000e-03 00.0000000000000e+00 00.0000000000000e+00 03.2196162046908e+03 00.0000000000000e+00 00.0000000000000e+00 00.0000000000000e+00 00.0000000000000e+00 2006 349 01 10 43.411 04.6900000000000e-01 00.0000000000000e+00 01.5100000000000e-03 00.0000000000000e+00 00.0000000000000e+00 03.2196162046908e+03 00.0000000000000e+00 00.0000000000000e+00 00.0000000000000e+00 00.0000000000000e+00
JASO1 2007 023 14 16 2007 023 17 05     007 2 2007 023 14 16 11.000 04.7200000000000e-01 00.0000000000000e+00 01.5100000000000e-03 00.0000000000000e+00 00.0000000000000e+00 03.1991525423729e+03 00.0000000000000e+00 00.0000000000000e+00 00.0000000000000e+00 00.0000000000000e+00 2007 023 17 04 50.175 04.7200000000000e-01 00.0000000000000e+00 01.5100000000000e-03 00.0000000000000e+00 00.0000000000000e+00 03.1991525423729e+03 00.0000000000000e+00 00.0000000000000e+00 00.0000000000000e+00 00.0000000000000e+00
JASO1 2007 053 08 11 2007 053 08 12     007 1 2007 053 08 11 48.428 04.3300000000000e-01 00.0000000000000e+00 -1.4000000000000e-03 00.0000000000000e+00 00.0000000000000e+00 -3.2332563510393e+03 00.0000000000000e+00 00.0000000000000e+00 00.0000000000000e+00 00.0000000000000e+00
JASO1 2007 122 18 01 2007 122 20 50     007 2 2007 122 18 01 28.775 07.2400000000000e-01 00.0000000000000e+00 02.3300000000000e-03 00.0000000000000e+00 00.0000000000000e+00 03.2182320441989e+03 00.0000000000000e+00 00.0000000000000e+00 00.0000000000000e+00 00.0000000000000e+00 2007 122 20 50 07.743 07.2400000000000e-01 00.0000000000000e+00 02.3300000000000e-03 00.0000000000000e+00 00.0000000000000e+00 03.2182320441989e+03 00.0000000000000e+00 00.0000000000000e+00 00.0000000000000e+00 00.0000000000000e+00
JASO1 2007 231 19 45 2007 231 22 34     007 2 2007 231 19 45 17.714 06.0100000000000e-01 00.0000000000000e+00 01.9300000000000e-03 00.0000000000000e+00 00.0000000000000e+00 03.2113144758735e+03 00.0000000000000e+00 00.0000000000000e+00 00.0000000000000e+00 00.0000000000000e+00 2007 231 22 33 56.859 06.0100000000000e-01 00.0000000000000e+00 01.9300000000000e-03 00.0000000000000e+00 00.0000000000000e+00 03.2113144758735e+03 00.0000000000000e+00 00.0000000000000e+00 00.0000000000000e+00 00.0000000000000e+00
JASO1 2007 330 23 30 2007 331 02 19     007 2 2007 330 23 30 35.796 04.7000000000000e-01 00.0000000000000e+00 01.5100000000000e-03 00.0000000000000e+00 00.0000000000000e+00 03.2127659574468e+03 00.0000000000000e+00 00.0000000000000e+00 00.0000000000000e+00 00.0000000000000e+00 2007 331 02 19 14.927 04.7000000000000e-01 00.0000000000000e+00 01.5100000000000e-03 00.0000000000000e+00 00.0000000000000e+00 03.2127659574468e+03 00.0000000000000e+00 00.0000000000000e+00 00.0000000000000e+00 00.0000000000000e+00
JASO1 2007 360 17 26 2007 360 20 15     007 2 2007 360 17 26 11.217 03.3300000000000e-01 00.0000000000000e+00 01.0700000000000e-03 00.0000000000000e+00 00.0000000000000e+00 03.2132132132132e+03 00.0000000000000e+00 00.0000000000000e+00 00.0000000000000e+00 00.0000000000000e+00 2007 360 20 14 50.218 03.3300000000000e-01 00.0000000000000e+00 01.0700000000000e-03 00.0000000000000e+00 00.0000000000000e+00 03.2132132132132e+03 00.0000000000000e+00 00.0000000000000e+00 00.0000000000000e+00 00.0000000000000e+00
JASO1 2008 104 19 09 2008 104 21 59     007 2 2008 104 19 10 01.010 04.5030000000000e+00 00.0000000000000e+00 00.0000000000000e+00 01.4400000000000e-02 00.0000000000000e+00 00.0000000000000e+00 03.1978680879414e+03 00.0000000000000e+00 00.0000000000000e+00 00.0000000000000e+00 2008 104 21 53 31.641 04.5040000000000e+00 00.0000000000000e+00 00.0000000000000e+00 -1.4400000000000e-02 00.0000000000000e+00 00.0000000000000e+00 -3.1971580817052e+03 00.0000000000000e+00 00.0000000000000e+00 00.0000000000000e+00
JASO1 2008 114 17 08 2008 114 19 57     007 2 2008 114 17 08 31.717 07.4500000000000e-01 00.0000000000000e+00 02.3900000000000e-03 00.0000000000000e+00 00.0000000000000e+00 03.2080536912752e+03 00.0000000000000e+00 00.0000000000000e+00 00.0000000000000e+00 00.0000000000000e+00 2008 114 19 57 10.489 07.4500000000000e-01 00.0000000000000e+00 02.3900000000000e-03 00.0000000000000e+00 00.0000000000000e+00 03.2080536912752e+03 00.0000000000000e+00 00.0000000000000e+00 00.0000000000000e+00 00.0000000000000e+00
JASO1 2008 119 23 32 2008 120 02 21     007 2 2008 119 23 32 22.719 04.5020000000000e+00 00.0000000000000e+00 00.0000000000000e+00 -1.4300000000000e-02 00.0000000000000e+00 00.0000000000000e+00 -3.1763660595291e+03 00.0000000000000e+00 00.0000000000000e+00 00.0000000000000e+00 2008 120 02 21 00.888 04.5030000000000e+00 00.0000000000000e+00 00.0000000000000e+00 01.4300000000000e-02 00.0000000000000e+00 00.0000000000000e+00 03.1756606706640e+03 00.0000000000000e+00 00.0000000000000e+00 00.0000000000000e+00
JASO1 2008 213 20 53 2008 213 23 43     007 2 2008 213 20 53 48.274 05.0000000000000e-01 00.0000000000000e+00 01.5700000000000e-03 00.0000000000000e+00 00.0000000000000e+00 03.1400000000000e+03 00.0000000000000e+00 00.0000000000000e+00 00.0000000000000e+00 00.0000000000000e+00 2008 213 23 42 27.343 05.0000000000000e-01 00.0000000000000e+00 01.5700000000000e-03 00.0000000000000e+00 00.0000000000000e+00 03.1400000000000e+03 00.0000000000000e+00 00.0000000000000e+00 00.0000000000000e+00 00.0000000000000e+00
JASO1 2008 303 02 40 2008 303 05 29     007 2 2008 303 02 40 33.019 03.7500000000000e-01 00.0000000000000e+00 01.1500000000000e-03 00.0000000000000e+00 00.0000000000000e+00 03.0666666666667e+03 00.0000000000000e+00 00.0000000000000e+00 00.0000000000000e+00 00.0000000000000e+00 2008 303 05 29 12.295 03.7500000000000e-01 00.0000000000000e+00 01.1500000000000e-03 00.0000000000000e+00 00.0000000000000e+00 03.0666666666667e+03 00.0000000000000e+00 00.0000000000000e+00 00.0000000000000e+00 00.0000000000000e+00
JASO1 2008 352 16 33 2008 352 19 22     007 2 2008 352 16 33 11.096 03.7500000000000e-01 00.0000000000000e+00 01.1500000000000e-03 00.0000000000000e+00 00.0000000000000e+00 03.0666666666667e+03 00.0000000000000e+00 00.0000000000000e+00 00.0000000000000e+00 00.0000000000000e+00 2008 352 19 21 50.368 03.7500000000000e-01 00.0000000000000e+00 01.1500000000000e-03 00.0000000000000e+00 00.0000000000000e+00 03.0666666666667e+03 00.0000000000000e+00 00.0000000000000e+00 00.0000000000000e+00 00.0000000000000e+00
JASO1 2009 026 21 11 2009 027 00 06     007 2 2009 026 21 14 13.447 03.5108700000000e+02 00.0000000000000e+00 -2.3317100000000e+00 00.0000000000000e+00 00.0000000000000e+00 -6.6414022735106e+03 00.0000000000000e+00 00.0000000000000e+00 00.0000000000000e+00 00.0000000000000e+00 2009 027 00 02 42.621 03.6482000000000e+02 00.0000000000000e+00 -2.3317100000000e+00 00.0000000000000e+00 00.0000000000000e+00 -6.3913984978894e+03 00.0000000000000e+00 00.0000000000000e+00 00.0000000000000e+00 00.0000000000000e+00
JASO1 2009 027 21 30 2009 028 00 26     007 2 2009 027 21 34 02.457 03.7622500000000e+02 00.0000000000000e+00 -2.3317100000000e+00 00.0000000000000e+00 00.0000000000000e+00 -6.1976476842315e+03 00.0000000000000e+00 00.0000000000000e+00 00.0000000000000e+00 00.0000000000000e+00 2009 028 00 22 12.026 03.8968600000000e+02 00.0000000000000e+00 -2.3317100000000e+00 00.0000000000000e+00 00.0000000000000e+00 -5.9835611235713e+03 00.0000000000000e+00 00.0000000000000e+00 00.0000000000000e+00 00.0000000000000e+00
JASO1 2009 035 10 39 2009 035 13 34     007 2 2009 035 10 42 44.098 03.9502700000000e+02 00.0000000000000e+00 02.3271800000000e+00 00.0000000000000e+00 00.0000000000000e+00 05.8911922476185e+03 00.0000000000000e+00 00.0000000000000e+00 00.0000000000000e+00 00.0000000000000e+00 2009 035 13 30 53.441 04.0802500000000e+02 00.0000000000000e+00 02.3271800000000e+00 00.0000000000000e+00 00.0000000000000e+00 05.7035230684394e+03 00.0000000000000e+00 00.0000000000000e+00 00.0000000000000e+00 00.0000000000000e+00
JASO1 2009 037 03 49 2009 037 06 42     007 2 2009 037 03 52 24.896 03.5611600000000e+02 00.0000000000000e+00 02.0118400000000e+00 00.0000000000000e+00 00.0000000000000e+00 05.6493951409091e+03 00.0000000000000e+00 00.0000000000000e+00 00.0000000000000e+00 00.0000000000000e+00 2009 037 06 39 12.211 03.5449600000000e+02 00.0000000000000e+00 01.9519300000000e+00 00.0000000000000e+00 00.0000000000000e+00 05.5062116356743e+03 00.0000000000000e+00 00.0000000000000e+00 00.0000000000000e+00 00.0000000000000e+00
JASO1 2009 045 18 02 2009 045 20 46     007 2 2009 045 18 02 34.954 02.2219000000000e+01 00.0000000000000e+00 01.2571000000000e-01 00.0000000000000e+00 00.0000000000000e+00 05.6577703767046e+03 00.0000000000000e+00 00.0000000000000e+00 00.0000000000000e+00 00.0000000000000e+00 2009 045 20 46 03.852 01.8979000000000e+01 00.0000000000000e+00 01.0722000000000e-01 00.0000000000000e+00 00.0000000000000e+00 05.6494019705991e+03 00.0000000000000e+00 00.0000000000000e+00 00.0000000000000e+00 00.0000000000000e+00
JASO1 2009 050 21 45 2009 050 21 46     007 1 2009 050 21 45 18.180 04.5000000000000e+00 00.0000000000000e+00 01.1450000000000e-02 00.0000000000000e+00 00.0000000000000e+00 02.5444444444444e+03 00.0000000000000e+00 00.0000000000000e+00 00.0000000000000e+00 00.0000000000000e+00
JASO1 2009 116 18 20 2009 116 18 21     007 1 2009 116 18 20 43.966 01.5000000000000e+00 00.0000000000000e+00 03.8100000000000e-03 00.0000000000000e+00 00.0000000000000e+00 02.5400000000000e+03 00.0000000000000e+00 00.0000000000000e+00 00.0000000000000e+00 00.0000000000000e+00
JASO1 2009 176 07 20 2009 176 07 21     007 1 2009 176 07 20 32.137 07.5000000000000e-01 00.0000000000000e+00 -1.9100000000000e-03 00.0000000000000e+00 00.0000000000000e+00 -2.5466666666667e+03 00.0000000000000e+00 00.0000000000000e+00 00.0000000000000e+00 00.0000000000000e+00
JASO1 2009 223 17 24 2009 223 17 25     007 1 2009 223 17 24 53.778 02.0000000000000e+00 00.0000000000000e+00 05.3000000000000e-03 00.0000000000000e+00 00.0000000000000e+00 02.6500000000000e+03 00.0000000000000e+00 00.0000000000000e+00 00.0000000000000e+00 00.0000000000000e+00
JASO1 2009 336 01 59 2009 336 01 59     007 1 2009 336 01 59 11.073 01.8750000000000e+00 00.0000000000000e+00 05.0100000000000e-03 00.0000000000000e+00 00.0000000000000e+00 02.6720000000000e+03 00.0000000000000e+00 00.0000000000000e+00 00.0000000000000e+00 00.0000000000000e+00
JASO1 2010 080 22 17 2010 080 22 18     007 1 2010 080 22 17 39.381 02.2500000000000e+00 00.0000000000000e+00 05.6000000000000e-03 00.0000000000000e+00 00.0000000000000e+00 02.4888888888889e+03 00.0000000000000e+00 00.0000000000000e+00 00.0000000000000e+00 00.0000000000000e+00
JASO1 2010 175 01 38 2010 175 01 39     007 1 2010 175 01 38 20.142 03.7500000000000e-01 00.0000000000000e+00 -1.0400000000000e-03 00.0000000000000e+00 00.0000000000000e+00 -2.7733333333333e+03 00.0000000000000e+00 00.0000000000000e+00 00.0000000000000e+00 00.0000000000000e+00
JASO1 2010 201 18 59 2010 201 21 56     007 2 2010 201 19 03 01.234 04.3209100000000e+02 00.0000000000000e+00 00.0000000000000e+00 -2.4464100000000e+00 00.0000000000000e+00 00.0000000000000e+00 -5.6617934648026e+03 00.0000000000000e+00 00.0000000000000e+00 00.0000000000000e+00 2010 201 21 51 39.585 04.4477600000000e+02 00.0000000000000e+00 00.0000000000000e+00 02.4464100000000e+00 00.0000000000000e+00 00.0000000000000e+00 05.5003192618307e+03 00.0000000000000e+00 00.0000000000000e+00 00.0000000000000e+00
JASO1 2010 202 18 24 2010 202 21 21     007 2 2010 202 18 28 23.579 04.5534000000000e+02 00.0000000000000e+00 00.0000000000000e+00 -2.4464100000000e+00 00.0000000000000e+00 00.0000000000000e+00 -5.3727105020424e+03 00.0000000000000e+00 00.0000000000000e+00 00.0000000000000e+00 2010 202 21 17 02.546 04.6782000000000e+02 00.0000000000000e+00 00.0000000000000e+00 02.4464100000000e+00 00.0000000000000e+00 00.0000000000000e+00 05.2293830960626e+03 00.0000000000000e+00 00.0000000000000e+00 00.0000000000000e+00
