JASO2 2008 175 01 31 2008 175 04 20     007 2 2008 175 01 31 48.767 04.5020000000000e+00 00.0000000000000e+00 01.6890000000000e-02 00.0000000000000e+00 00.0000000000000e+00 03.7516659262550e+03 00.0000000000000e+00 00.0000000000000e+00 00.0000000000000e+00 00.0000000000000e+00 2008 175 04 20 11.059 04.5030000000000e+00 00.0000000000000e+00 01.6890000000000e-02 00.0000000000000e+00 00.0000000000000e+00 03.7508327781479e+03 00.0000000000000e+00 00.0000000000000e+00 00.0000000000000e+00 00.0000000000000e+00
JASO2 2008 177 02 08 2008 177 04 58     007 2 2008 177 02 10 46.262 03.0050600000000e+02 00.0000000000000e+00 02.2063300000000e+00 00.0000000000000e+00 00.0000000000000e+00 07.3420497427672e+03 00.0000000000000e+00 00.0000000000000e+00 00.0000000000000e+00 00.0000000000000e+00 2008 177 04 55 51.320 03.4907800000000e+02 00.0000000000000e+00 02.4480400000000e+00 00.0000000000000e+00 00.0000000000000e+00 07.0128739135666e+03 00.0000000000000e+00 00.0000000000000e+00 00.0000000000000e+00 00.0000000000000e+00
JASO2 2008 180 02 11 2008 180 05 03     007 2 2008 180 02 13 06.116 01.6928200000000e+02 00.0000000000000e+00 00.0000000000000e+00 01.1291100000000e+00 00.0000000000000e+00 00.0000000000000e+00 06.6699944471355e+03 00.0000000000000e+00 00.0000000000000e+00 00.0000000000000e+00 2008 180 05 01 46.310 01.7283900000000e+02 00.0000000000000e+00 00.0000000000000e+00 -1.1291100000000e+00 00.0000000000000e+00 00.0000000000000e+00 -6.5327269887005e+03 00.0000000000000e+00 00.0000000000000e+00 00.0000000000000e+00
JASO2 2008 182 18 59 2008 182 21 53     007 2 2008 182 19 01 54.713 03.4771800000000e+02 00.0000000000000e+00 02.2173400000000e+00 00.0000000000000e+00 00.0000000000000e+00 06.3768341011969e+03 00.0000000000000e+00 00.0000000000000e+00 00.0000000000000e+00 00.0000000000000e+00 2008 182 21 51 01.781 03.5134000000000e+02 00.0000000000000e+00 02.1580200000000e+00 00.0000000000000e+00 00.0000000000000e+00 06.1422553651733e+03 00.0000000000000e+00 00.0000000000000e+00 00.0000000000000e+00 00.0000000000000e+00
JASO2 2008 186 03 49 2008 186 06 45     007 2 2008 186 03 52 51.809 04.0793500000000e+02 00.0000000000000e+00 -2.4446100000000e+00 00.0000000000000e+00 00.0000000000000e+00 -5.9926458872124e+03 00.0000000000000e+00 00.0000000000000e+00 00.0000000000000e+00 00.0000000000000e+00 2008 186 06 41 50.787 04.2853800000000e+02 00.0000000000000e+00 -2.4709000000000e+00 00.0000000000000e+00 00.0000000000000e+00 -5.7658830722130e+03 00.0000000000000e+00 00.0000000000000e+00 00.0000000000000e+00 00.0000000000000e+00
JASO2 2008 186 22 32 2008 187 01 21     007 2 2008 186 22 32 33.170 04.3430000000000e+00 00.0000000000000e+00 02.3290000000000e-02 00.0000000000000e+00 00.0000000000000e+00 05.3626525443242e+03 00.0000000000000e+00 00.0000000000000e+00 00.0000000000000e+00 00.0000000000000e+00 2008 187 01 21 12.078 04.3440000000000e+00 00.0000000000000e+00 02.3290000000000e-02 00.0000000000000e+00 00.0000000000000e+00 05.3614180478821e+03 00.0000000000000e+00 00.0000000000000e+00 00.0000000000000e+00 00.0000000000000e+00
JASO2 2008 190 03 12 2008 190 03 12     007 1 2008 190 03 12 17.999 06.2500000000000e-01 00.0000000000000e+00 -1.5500000000000e-03 00.0000000000000e+00 00.0000000000000e+00 -2.4800000000000e+03 00.0000000000000e+00 00.0000000000000e+00 00.0000000000000e+00 00.0000000000000e+00
JASO2 2008 240 16 45 2008 240 16 45     007 1 2008 240 16 45 33.000 01.3750000000000e+00 00.0000000000000e+00 04.0100000000000e-03 00.0000000000000e+00 00.0000000000000e+00 02.9163636363636e+03 00.0000000000000e+00 00.0000000000000e+00 00.0000000000000e+00 00.0000000000000e+00
JASO2 2008 353 23 47 2008 353 23 47     007 1 2008 353 23 47 32.000 01.5000000000000e+00 00.0000000000000e+00 03.7500000000000e-03 00.0000000000000e+00 00.0000000000000e+00 02.5000000000000e+03 00.0000000000000e+00 00.0000000000000e+00 00.0000000000000e+00 00.0000000000000e+00
JASO2 2009 125 06 27 2009 125 06 27     007 1 2009 125 06 27 12.851 01.6250000000000e+00 00.0000000000000e+00 04.2800000000000e-03 00.0000000000000e+00 00.0000000000000e+00 02.6338461538462e+03 00.0000000000000e+00 00.0000000000000e+00 00.0000000000000e+00 00.0000000000000e+00
JASO2 2009 235 21 13 2009 235 21 13     007 1 2009 235 21 13 33.999 01.5000000000000e+00 00.0000000000000e+00 03.8300000000000e-03 00.0000000000000e+00 00.0000000000000e+00 02.5533333333333e+03 00.0000000000000e+00 00.0000000000000e+00 00.0000000000000e+00 00.0000000000000e+00
JASO2 2009 351 15 56 2009 351 15 56     007 1 2009 351 15 56 11.829 01.5000000000000e+00 00.0000000000000e+00 03.8500000000000e-03 00.0000000000000e+00 00.0000000000000e+00 02.5666666666667e+03 00.0000000000000e+00 00.0000000000000e+00 00.0000000000000e+00 00.0000000000000e+00
JASO2 2010 105 15 38 2010 105 15 38     007 1 2010 105 15 38 30.627 01.5000000000000e+00 -0.0000000000000e+00 03.9200000000000e-03 00.0000000000000e+00 -0.0000000000000e+00 02.6133333333333e+03 00.0000000000000e+00 00.0000000000000e+00 00.0000000000000e+00 00.0000000000000e+00
JASO2 2010 206 22 03 2010 206 22 03     007 1 2010 206 22 03 01.655 01.6250000000000e+00 -0.0000000000000e+00 04.2700000000000e-03 00.0000000000000e+00 -0.0000000000000e+00 02.6276923076923e+03 00.0000000000000e+00 00.0000000000000e+00 00.0000000000000e+00 00.0000000000000e+00
JASO2 2010 309 01 00 2010 309 01 00     007 1 2010 309 01 00 41.048 01.5000000000000e+00 -0.0000000000000e+00 04.0300000000000e-03 00.0000000000000e+00 -0.0000000000000e+00 02.6866666666667e+03 00.0000000000000e+00 00.0000000000000e+00 00.0000000000000e+00 00.0000000000000e+00
JASO2 2011 059 21 42 2011 059 21 42     007 1 2011 059 21 42 52.655 01.8750000000000e+00 -0.0000000000000e+00 04.9300000000000e-03 00.0000000000000e+00 -0.0000000000000e+00 02.6293333333333e+03 00.0000000000000e+00 00.0000000000000e+00 00.0000000000000e+00 00.0000000000000e+00
JASO2 2011 146 08 05 2011 146 08 05     007 1 2011 146 08 05 11.478 01.7500000000000e+00 -0.0000000000000e+00 04.5400000000000e-03 00.0000000000000e+00 -0.0000000000000e+00 02.5942857142857e+03 00.0000000000000e+00 00.0000000000000e+00 00.0000000000000e+00 00.0000000000000e+00
JASO2 2011 240 10 00 2011 240 10 00     007 1 2011 240 10 00 06.139 01.6250000000000e+00 -0.0000000000000e+00 04.3000000000000e-03 00.0000000000000e+00 -0.0000000000000e+00 02.6461538461538e+03 00.0000000000000e+00 00.0000000000000e+00 00.0000000000000e+00 00.0000000000000e+00
JASO2 2011 301 00 07 2011 301 00 07     007 1 2011 301 00 07 34.605 02.0000000000000e+00 -0.0000000000000e+00 05.0500000000000e-03 00.0000000000000e+00 -0.0000000000000e+00 02.5250000000000e+03 00.0000000000000e+00 00.0000000000000e+00 00.0000000000000e+00 00.0000000000000e+00
JASO2 2011 350 03 18 2011 350 03 18     007 1 2011 350 03 18 57.787 02.1250000000000e+00 -0.0000000000000e+00 05.5100000000000e-03 00.0000000000000e+00 -0.0000000000000e+00 02.5929411764706e+03 00.0000000000000e+00 00.0000000000000e+00 00.0000000000000e+00 00.0000000000000e+00
JASO2 2012 068 19 29 2012 068 19 30     007 1 2012 068 19 30 00.518 02.0000000000000e+00 -0.0000000000000e+00 05.2000000000000e-03 00.0000000000000e+00 -0.0000000000000e+00 02.6000000000000e+03 00.0000000000000e+00 00.0000000000000e+00 00.0000000000000e+00 00.0000000000000e+00
JASO2 2012 142 08 42 2012 142 08 42     007 1 2012 142 08 42 17.891 02.0000000000000e+00 -0.0000000000000e+00 05.2700000000000e-03 00.0000000000000e+00 -0.0000000000000e+00 02.6350000000000e+03 00.0000000000000e+00 00.0000000000000e+00 00.0000000000000e+00 00.0000000000000e+00
JASO2 2012 214 04 14 2012 214 04 14     007 1 2012 214 04 14 38.232 01.7500000000000e+00 -0.0000000000000e+00 04.5200000000000e-03 00.0000000000000e+00 -0.0000000000000e+00 02.5828571428571e+03 00.0000000000000e+00 00.0000000000000e+00 00.0000000000000e+00 00.0000000000000e+00
JASO2 2012 296 19 24 2012 296 19 24     007 1 2012 296 19 24 27.916 02.5000000000000e+00 -0.0000000000000e+00 06.3900000000000e-03 00.0000000000000e+00 -0.0000000000000e+00 02.5560000000000e+03 00.0000000000000e+00 00.0000000000000e+00 00.0000000000000e+00 00.0000000000000e+00
JASO2 2012 354 17 22 2012 354 17 22     007 1 2012 354 17 22 09.194 01.3750000000000e+00 -0.0000000000000e+00 03.5200000000000e-03 00.0000000000000e+00 -0.0000000000000e+00 02.5600000000000e+03 00.0000000000000e+00 00.0000000000000e+00 00.0000000000000e+00 00.0000000000000e+00
JASO2 2013 066 17 21 2013 066 17 21     007 1 2013 066 17 21 23.200 01.7500000000000e+00 -0.0000000000000e+00 04.4800000000000e-03 00.0000000000000e+00 -0.0000000000000e+00 02.5600000000000e+03 00.0000000000000e+00 00.0000000000000e+00 00.0000000000000e+00 00.0000000000000e+00
JASO2 2013 136 01 15 2013 136 01 15     007 1 2013 136 01 15 28.822 02.2500000000000e+00 -0.0000000000000e+00 05.8500000000000e-03 00.0000000000000e+00 -0.0000000000000e+00 02.6000000000000e+03 00.0000000000000e+00 00.0000000000000e+00 00.0000000000000e+00 00.0000000000000e+00
JASO2 2013 223 17 58 2013 223 17 58     007 1 2013 223 17 58 27.224 02.1250000000000e+00 -0.0000000000000e+00 05.4400000000000e-03 00.0000000000000e+00 -0.0000000000000e+00 02.5600000000000e+03 00.0000000000000e+00 00.0000000000000e+00 00.0000000000000e+00 00.0000000000000e+00
JASO2 2013 301 21 24 2013 301 21 24     007 1 2013 301 21 24 11.042 02.1250000000000e+00 -0.0000000000000e+00 05.5000000000000e-03 00.0000000000000e+00 -0.0000000000000e+00 02.5882352941176e+03 00.0000000000000e+00 00.0000000000000e+00 00.0000000000000e+00 00.0000000000000e+00
JASO2 2013 352 05 54 2013 352 05 54     007 1 2013 352 05 54 49.376 02.0000000000000e+00 -0.0000000000000e+00 05.1800000000000e-03 00.0000000000000e+00 -0.0000000000000e+00 02.5900000000000e+03 00.0000000000000e+00 00.0000000000000e+00 00.0000000000000e+00 00.0000000000000e+00
JASO2 2014 058 16 28 2014 058 16 28     007 1 2014 058 16 28 20.121 02.5000000000000e+00 -0.0000000000000e+00 06.5300000000000e-03 00.0000000000000e+00 -0.0000000000000e+00 02.6120000000000e+03 00.0000000000000e+00 00.0000000000000e+00 00.0000000000000e+00 00.0000000000000e+00
JASO2 2014 115 08 57 2014 115 08 57     007 1 2014 115 08 57 40.157 02.8750000000000e+00 -0.0000000000000e+00 07.3800000000000e-03 00.0000000000000e+00 -0.0000000000000e+00 02.5669565217391e+03 00.0000000000000e+00 00.0000000000000e+00 00.0000000000000e+00 00.0000000000000e+00
JASO2 2014 145 23 25 2014 145 23 25     007 1 2014 145 23 25 52.266 05.0000000000000e-01 -0.0000000000000e+00 -1.2500000000000e-03 00.0000000000000e+00 -0.0000000000000e+00 -2.5000000000000e+03 00.0000000000000e+00 00.0000000000000e+00 00.0000000000000e+00 00.0000000000000e+00
JASO2 2014 191 11 48 2014 191 11 48     007 1 2014 191 11 48 30.999 02.2500000000000e+00 -0.0000000000000e+00 05.9700000000000e-03 00.0000000000000e+00 -0.0000000000000e+00 02.6533333333333e+03 00.0000000000000e+00 00.0000000000000e+00 00.0000000000000e+00 00.0000000000000e+00
JASO2 2014 289 19 00 2014 289 19 00     007 1 2014 289 19 00 57.639 02.6250000000000e+00 -0.0000000000000e+00 06.7600000000000e-03 00.0000000000000e+00 -0.0000000000000e+00 02.5752380952381e+03 00.0000000000000e+00 00.0000000000000e+00 00.0000000000000e+00 00.0000000000000e+00
JASO2 2014 344 05 01 2014 344 05 01     007 1 2014 344 05 01 46.779 02.8750000000000e+00 -0.0000000000000e+00 07.4700000000000e-03 00.0000000000000e+00 -0.0000000000000e+00 02.5982608695652e+03 00.0000000000000e+00 00.0000000000000e+00 00.0000000000000e+00 00.0000000000000e+00
JASO2 2015 064 11 13 2015 064 11 13     007 1 2015 064 11 13 09.917 02.7500000000000e+00 -0.0000000000000e+00 07.2800000000000e-03 00.0000000000000e+00 -0.0000000000000e+00 02.6472727272727e+03 00.0000000000000e+00 00.0000000000000e+00 00.0000000000000e+00 00.0000000000000e+00
JASO2 2015 139 21 22 2015 139 21 22     007 1 2015 139 21 22 03.207 02.7500000000000e+00 -0.0000000000000e+00 07.3300000000000e-03 00.0000000000000e+00 -0.0000000000000e+00 02.6654545454545e+03 00.0000000000000e+00 00.0000000000000e+00 00.0000000000000e+00 00.0000000000000e+00
JASO2 2015 249 21 33 2015 249 21 33     007 1 2015 249 21 33 50.999 02.1250000000000e+00 -0.0000000000000e+00 05.5200000000000e-03 00.0000000000000e+00 -0.0000000000000e+00 02.5976470588235e+03 00.0000000000000e+00 00.0000000000000e+00 00.0000000000000e+00 00.0000000000000e+00
JASO2 2015 322 21 49 2015 323 01 34     007 2 2015 322 21 49 53.995 01.8000000000000e+01 -0.0000000000000e+00 09.3080000000000e-02 00.0000000000000e+00 -0.0000000000000e+00 05.1711111111111e+03 00.0000000000000e+00 00.0000000000000e+00 00.0000000000000e+00 00.0000000000000e+00 2015 323 01 34 45.864 01.7500000000000e+01 -0.0000000000000e+00 -9.0380000000000e-02 00.0000000000000e+00 -0.0000000000000e+00 -5.1645714285714e+03 00.0000000000000e+00 00.0000000000000e+00 00.0000000000000e+00 00.0000000000000e+00
JASO2 2016 021 03 45 2016 021 03 45     007 1 2016 021 03 45 56.994 01.7500000000000e+00 -0.0000000000000e+00 04.6400000000000e-03 00.0000000000000e+00 -0.0000000000000e+00 02.6514285714286e+03 00.0000000000000e+00 00.0000000000000e+00 00.0000000000000e+00 00.0000000000000e+00
JASO2 2016 117 21 02 2016 117 21 02     007 1 2016 117 21 02 54.000 02.2500000000000e+00 -0.0000000000000e+00 06.0000000000000e-03 00.0000000000000e+00 -0.0000000000000e+00 02.6666666666667e+03 00.0000000000000e+00 00.0000000000000e+00 00.0000000000000e+00 00.0000000000000e+00
JASO2 2016 244 21 48 2016 244 21 48     007 1 2016 244 21 48 48.795 01.5000000000000e+00 -0.0000000000000e+00 03.9700000000000e-03 00.0000000000000e+00 -0.0000000000000e+00 02.6466666666667e+03 00.0000000000000e+00 00.0000000000000e+00 00.0000000000000e+00 00.0000000000000e+00
JASO2 2016 276 13 32 2016 276 16 28     007 2 2016 276 13 35 51.522 04.2875000000000e+02 -0.0000000000000e+00 -2.3343600000000e+00 00.0000000000000e+00 -0.0000000000000e+00 -5.4445714285714e+03 00.0000000000000e+00 00.0000000000000e+00 00.0000000000000e+00 00.0000000000000e+00 2016 276 16 24 20.312 04.4237500000000e+02 -0.0000000000000e+00 -2.3341300000000e+00 00.0000000000000e+00 -0.0000000000000e+00 -5.2763605538288e+03 00.0000000000000e+00 00.0000000000000e+00 00.0000000000000e+00 00.0000000000000e+00
JASO2 2016 277 15 45 2016 277 18 40     007 2 2016 277 15 48 34.678 03.9775000000000e+02 -0.0000000000000e+00 -2.1931900000000e+00 00.0000000000000e+00 -0.0000000000000e+00 -5.5139912005028e+03 00.0000000000000e+00 00.0000000000000e+00 00.0000000000000e+00 00.0000000000000e+00 2016 277 18 36 43.154 04.0875000000000e+02 -0.0000000000000e+00 -2.1928200000000e+00 00.0000000000000e+00 -0.0000000000000e+00 -5.3646972477064e+03 00.0000000000000e+00 00.0000000000000e+00 00.0000000000000e+00 00.0000000000000e+00
JASO2 2016 285 05 01 2016 285 07 57     007 2 2016 285 05 05 35.044 04.4487500000000e+02 -0.0000000000000e+00 02.3414000000000e+00 00.0000000000000e+00 -0.0000000000000e+00 05.2630514189379e+03 00.0000000000000e+00 00.0000000000000e+00 00.0000000000000e+00 00.0000000000000e+00 2016 285 07 53 44.034 04.5725000000000e+02 -0.0000000000000e+00 02.3414600000000e+00 00.0000000000000e+00 -0.0000000000000e+00 05.1207435757244e+03 00.0000000000000e+00 00.0000000000000e+00 00.0000000000000e+00 00.0000000000000e+00
JASO2 2016 287 04 33 2016 287 07 29     007 2 2016 287 04 37 23.516 04.5437500000000e+02 -0.0000000000000e+00 02.3087300000000e+00 00.0000000000000e+00 -0.0000000000000e+00 05.0811114167813e+03 00.0000000000000e+00 00.0000000000000e+00 00.0000000000000e+00 00.0000000000000e+00 2016 287 07 25 52.360 04.6650000000000e+02 -0.0000000000000e+00 02.3085600000000e+00 00.0000000000000e+00 -0.0000000000000e+00 04.9486816720257e+03 00.0000000000000e+00 00.0000000000000e+00 00.0000000000000e+00 00.0000000000000e+00
JASO2 2016 288 10 28 2016 288 10 28     007 1 2016 288 10 28 42.869 06.5000000000000e+00 -0.0000000000000e+00 03.2220000000000e-02 00.0000000000000e+00 -0.0000000000000e+00 04.9569230769231e+03 00.0000000000000e+00 00.0000000000000e+00 00.0000000000000e+00 00.0000000000000e+00
JASO2 2016 308 06 26 2016 308 06 26     007 1 2016 308 06 26 12.460 02.0000000000000e+00 -0.0000000000000e+00 04.1800000000000e-03 00.0000000000000e+00 -0.0000000000000e+00 02.0900000000000e+03 00.0000000000000e+00 00.0000000000000e+00 00.0000000000000e+00 00.0000000000000e+00
JASO2 2017 029 23 14 2017 029 23 14     007 1 2017 029 23 14 13.332 05.0000000000000e-01 -0.0000000000000e+00 -1.0400000000000e-03 00.0000000000000e+00 -0.0000000000000e+00 -2.0800000000000e+03 00.0000000000000e+00 00.0000000000000e+00 00.0000000000000e+00 00.0000000000000e+00
