JASO2 2008 175 01 31 2008 175 04 20     007 2 2008 175 01 31 48.767 04.5020000000000e+00 00.0000000000000e+00 01.6890000000000e-02 00.0000000000000e+00 00.0000000000000e+00 03.7516659262550e+03 00.0000000000000e+00 00.0000000000000e+00 00.0000000000000e+00 00.0000000000000e+00 2008 175 04 20 11.059 04.5030000000000e+00 00.0000000000000e+00 01.6890000000000e-02 00.0000000000000e+00 00.0000000000000e+00 03.7508327781479e+03 00.0000000000000e+00 00.0000000000000e+00 00.0000000000000e+00 00.0000000000000e+00
JASO2 2008 177 02 08 2008 177 04 59     007 2 2008 177 02 10 46.262 03.0050600000000e+02 00.0000000000000e+00 02.2063300000000e+00 00.0000000000000e+00 00.0000000000000e+00 07.3420497427672e+03 00.0000000000000e+00 00.0000000000000e+00 00.0000000000000e+00 00.0000000000000e+00 2008 177 04 55 51.320 03.4907800000000e+02 00.0000000000000e+00 02.4480400000000e+00 00.0000000000000e+00 00.0000000000000e+00 07.0128739135666e+03 00.0000000000000e+00 00.0000000000000e+00 00.0000000000000e+00 00.0000000000000e+00
JASO2 2008 180 02 11 2008 180 05 03     007 2 2008 180 02 13 06.116 01.6928200000000e+02 00.0000000000000e+00 00.0000000000000e+00 01.1291100000000e+00 00.0000000000000e+00 00.0000000000000e+00 06.6699944471355e+03 00.0000000000000e+00 00.0000000000000e+00 00.0000000000000e+00 2008 180 05 01 46.310 01.7283900000000e+02 00.0000000000000e+00 00.0000000000000e+00 -1.1291100000000e+00 00.0000000000000e+00 00.0000000000000e+00 -6.5327269887005e+03 00.0000000000000e+00 00.0000000000000e+00 00.0000000000000e+00
JASO2 2008 182 18 58 2008 182 21 54     007 2 2008 182 19 01 54.713 03.4771800000000e+02 00.0000000000000e+00 02.2173400000000e+00 00.0000000000000e+00 00.0000000000000e+00 06.3768341011969e+03 00.0000000000000e+00 00.0000000000000e+00 00.0000000000000e+00 00.0000000000000e+00 2008 182 21 51 01.781 03.5134000000000e+02 00.0000000000000e+00 02.1580200000000e+00 00.0000000000000e+00 00.0000000000000e+00 06.1422553651733e+03 00.0000000000000e+00 00.0000000000000e+00 00.0000000000000e+00 00.0000000000000e+00
JASO2 2008 186 03 49 2008 186 06 46     007 2 2008 186 03 52 51.809 04.0793500000000e+02 00.0000000000000e+00 -2.4446100000000e+00 00.0000000000000e+00 00.0000000000000e+00 -5.9926458872124e+03 00.0000000000000e+00 00.0000000000000e+00 00.0000000000000e+00 00.0000000000000e+00 2008 186 06 41 50.787 04.2853800000000e+02 00.0000000000000e+00 -2.4709000000000e+00 00.0000000000000e+00 00.0000000000000e+00 -5.7658830722130e+03 00.0000000000000e+00 00.0000000000000e+00 00.0000000000000e+00 00.0000000000000e+00
JASO2 2008 186 22 32 2008 187 01 21     007 2 2008 186 22 32 33.170 04.3430000000000e+00 00.0000000000000e+00 02.3290000000000e-02 00.0000000000000e+00 00.0000000000000e+00 05.3626525443242e+03 00.0000000000000e+00 00.0000000000000e+00 00.0000000000000e+00 00.0000000000000e+00 2008 187 01 21 12.078 04.3440000000000e+00 00.0000000000000e+00 02.3290000000000e-02 00.0000000000000e+00 00.0000000000000e+00 05.3614180478821e+03 00.0000000000000e+00 00.0000000000000e+00 00.0000000000000e+00 00.0000000000000e+00
JASO2 2008 190 03 12 2008 190 03 12     007 1 2008 190 03 12 17.999 06.2500000000000e-01 00.0000000000000e+00 -1.5500000000000e-03 00.0000000000000e+00 00.0000000000000e+00 -2.4800000000000e+03 00.0000000000000e+00 00.0000000000000e+00 00.0000000000000e+00 00.0000000000000e+00
JASO2 2008 240 16 45 2008 240 16 46     007 1 2008 240 16 45 33.000 01.3750000000000e+00 00.0000000000000e+00 04.0100000000000e-03 00.0000000000000e+00 00.0000000000000e+00 02.9163636363636e+03 00.0000000000000e+00 00.0000000000000e+00 00.0000000000000e+00 00.0000000000000e+00
JASO2 2008 353 23 47 2008 353 23 48     007 1 2008 353 23 47 32.000 01.5000000000000e+00 00.0000000000000e+00 03.7500000000000e-03 00.0000000000000e+00 00.0000000000000e+00 02.5000000000000e+03 00.0000000000000e+00 00.0000000000000e+00 00.0000000000000e+00 00.0000000000000e+00
JASO2 2009 125 06 27 2009 125 06 27     007 1 2009 125 06 27 12.851 01.6250000000000e+00 00.0000000000000e+00 04.2800000000000e-03 00.0000000000000e+00 00.0000000000000e+00 02.6338461538462e+03 00.0000000000000e+00 00.0000000000000e+00 00.0000000000000e+00 00.0000000000000e+00
JASO2 2009 235 21 13 2009 235 21 14     007 1 2009 235 21 13 33.999 01.5000000000000e+00 00.0000000000000e+00 03.8300000000000e-03 00.0000000000000e+00 00.0000000000000e+00 02.5533333333333e+03 00.0000000000000e+00 00.0000000000000e+00 00.0000000000000e+00 00.0000000000000e+00
JASO2 2009 351 15 56 2009 351 15 56     007 1 2009 351 15 56 11.829 01.5000000000000e+00 00.0000000000000e+00 03.8500000000000e-03 00.0000000000000e+00 00.0000000000000e+00 02.5666666666667e+03 00.0000000000000e+00 00.0000000000000e+00 00.0000000000000e+00 00.0000000000000e+00
JASO2 2010 105 15 38 2010 105 15 39     007 1 2010 105 15 38 30.627 01.5000000000000e+00 -0.0000000000000e+00 03.9200000000000e-03 00.0000000000000e+00 -0.0000000000000e+00 02.6133333333333e+03 00.0000000000000e+00 00.0000000000000e+00 00.0000000000000e+00 00.0000000000000e+00
JASO2 2010 206 22 02 2010 206 22 03     007 1 2010 206 22 03 01.655 01.6250000000000e+00 -0.0000000000000e+00 04.2700000000000e-03 00.0000000000000e+00 -0.0000000000000e+00 02.6276923076923e+03 00.0000000000000e+00 00.0000000000000e+00 00.0000000000000e+00 00.0000000000000e+00
