JASO3 2016 019 22 18 2016 020 01 06     007 2 2016 019 22 18 38.266 04.0000000000000e+00 -0.0000000000000e+00 01.4620000000000e-02 00.0000000000000e+00 -0.0000000000000e+00 03.6550000000000e+03 00.0000000000000e+00 00.0000000000000e+00 00.0000000000000e+00 00.0000000000000e+00 2016 020 01 06 26.709 04.0000000000000e+00 -0.0000000000000e+00 01.4610000000000e-02 00.0000000000000e+00 -0.0000000000000e+00 03.6525000000000e+03 00.0000000000000e+00 00.0000000000000e+00 00.0000000000000e+00 00.0000000000000e+00
JASO3 2016 021 22 39 2016 022 01 28     007 2 2016 021 22 40 12.664 05.1625000000000e+01 -0.0000000000000e+00 00.0000000000000e+00 -3.7530000000000e-01 -0.0000000000000e+00 00.0000000000000e+00 -7.2697336561743e+03 00.0000000000000e+00 00.0000000000000e+00 00.0000000000000e+00 2016 022 01 28 01.115 05.2125000000000e+01 -0.0000000000000e+00 00.0000000000000e+00 03.7603000000000e-01 -0.0000000000000e+00 00.0000000000000e+00 07.2140047961631e+03 00.0000000000000e+00 00.0000000000000e+00 00.0000000000000e+00
JASO3 2016 028 22 45 2016 029 02 05     007 2 2016 028 22 48 14.475 03.3687500000000e+02 -0.0000000000000e+00 02.3655200000000e+00 00.0000000000000e+00 -0.0000000000000e+00 07.0219517625232e+03 00.0000000000000e+00 00.0000000000000e+00 00.0000000000000e+00 00.0000000000000e+00 2016 029 02 02 16.884 03.5250000000000e+02 -0.0000000000000e+00 02.3654800000000e+00 00.0000000000000e+00 -0.0000000000000e+00 06.7105815602837e+03 00.0000000000000e+00 00.0000000000000e+00 00.0000000000000e+00 00.0000000000000e+00
JASO3 2016 031 21 38 2016 032 00 32     007 2 2016 031 21 41 03.177 03.6375000000000e+02 -0.0000000000000e+00 02.3385400000000e+00 00.0000000000000e+00 -0.0000000000000e+00 06.4289759450172e+03 00.0000000000000e+00 00.0000000000000e+00 00.0000000000000e+00 00.0000000000000e+00 2016 032 00 29 21.103 03.7887500000000e+02 -0.0000000000000e+00 02.3387300000000e+00 00.0000000000000e+00 -0.0000000000000e+00 06.1728274496866e+03 00.0000000000000e+00 00.0000000000000e+00 00.0000000000000e+00 00.0000000000000e+00
JASO3 2016 033 03 35 2016 033 06 30     007 2 2016 033 03 38 46.319 03.8487500000000e+02 -0.0000000000000e+00 02.3264900000000e+00 00.0000000000000e+00 -0.0000000000000e+00 06.0447937642092e+03 00.0000000000000e+00 00.0000000000000e+00 00.0000000000000e+00 00.0000000000000e+00 2016 033 06 27 24.192 03.9950000000000e+02 -0.0000000000000e+00 02.3269700000000e+00 00.0000000000000e+00 -0.0000000000000e+00 05.8247058823529e+03 00.0000000000000e+00 00.0000000000000e+00 00.0000000000000e+00 00.0000000000000e+00
JASO3 2016 034 20 53 2016 034 23 46     007 2 2016 034 20 55 37.449 02.7737500000000e+02 -0.0000000000000e+00 01.5828200000000e+00 00.0000000000000e+00 -0.0000000000000e+00 05.7064263181613e+03 00.0000000000000e+00 00.0000000000000e+00 00.0000000000000e+00 00.0000000000000e+00 2016 034 23 44 31.734 02.8400000000000e+02 -0.0000000000000e+00 01.5828500000000e+00 00.0000000000000e+00 -0.0000000000000e+00 05.5734154929577e+03 00.0000000000000e+00 00.0000000000000e+00 00.0000000000000e+00 00.0000000000000e+00
JASO3 2016 035 21 04 2016 035 23 54     007 2 2016 035 21 04 58.507 05.0375000000000e+01 -0.0000000000000e+00 00.0000000000000e+00 02.7028000000000e-01 -0.0000000000000e+00 00.0000000000000e+00 05.3653598014888e+03 00.0000000000000e+00 00.0000000000000e+00 00.0000000000000e+00 2016 035 23 53 59.299 05.0500000000000e+01 -0.0000000000000e+00 00.0000000000000e+00 -2.6990000000000e-01 -0.0000000000000e+00 00.0000000000000e+00 -5.3445544554455e+03 00.0000000000000e+00 00.0000000000000e+00 00.0000000000000e+00
JASO3 2016 038 22 35 2016 039 01 31     007 2 2016 038 22 38 47.054 04.1250000000000e+02 -0.0000000000000e+00 -2.2338900000000e+00 00.0000000000000e+00 -0.0000000000000e+00 -5.4154909090909e+03 00.0000000000000e+00 00.0000000000000e+00 00.0000000000000e+00 00.0000000000000e+00 2016 039 01 27 38.614 04.2550000000000e+02 -0.0000000000000e+00 -2.2341400000000e+00 00.0000000000000e+00 -0.0000000000000e+00 -5.2506227967098e+03 00.0000000000000e+00 00.0000000000000e+00 00.0000000000000e+00 00.0000000000000e+00
JASO3 2016 040 23 25 2016 041 02 14     007 2 2016 040 23 25 32.029 04.0250000000000e+01 -0.0000000000000e+00 -2.0313000000000e-01 00.0000000000000e+00 -0.0000000000000e+00 -5.0467080745342e+03 00.0000000000000e+00 00.0000000000000e+00 00.0000000000000e+00 00.0000000000000e+00 2016 041 02 14 13.340 04.0375000000000e+01 -0.0000000000000e+00 -2.0321000000000e-01 00.0000000000000e+00 -0.0000000000000e+00 -5.0330650154799e+03 00.0000000000000e+00 00.0000000000000e+00 00.0000000000000e+00 00.0000000000000e+00
JASO3 2016 042 22 19 2016 043 01 08     007 2 2016 042 22 19 24.729 03.9375000000000e+01 -0.0000000000000e+00 -1.9961000000000e-01 00.0000000000000e+00 -0.0000000000000e+00 -5.0694603174603e+03 00.0000000000000e+00 00.0000000000000e+00 00.0000000000000e+00 00.0000000000000e+00 2016 043 01 08 04.298 03.9500000000000e+01 -0.0000000000000e+00 -1.9971000000000e-01 00.0000000000000e+00 -0.0000000000000e+00 -5.0559493670886e+03 00.0000000000000e+00 00.0000000000000e+00 00.0000000000000e+00 00.0000000000000e+00
JASO3 2016 054 02 46 2016 054 02 46     007 1 2016 054 02 46 30.999 02.5000000000000e+00 -0.0000000000000e+00 05.5100000000000e-03 00.0000000000000e+00 -0.0000000000000e+00 02.2040000000000e+03 00.0000000000000e+00 00.0000000000000e+00 00.0000000000000e+00 00.0000000000000e+00
JASO3 2016 095 01 49 2016 095 01 49     007 1 2016 095 01 49 25.000 07.5000000000000e-01 -0.0000000000000e+00 -1.6800000000000e-03 00.0000000000000e+00 -0.0000000000000e+00 -2.2400000000000e+03 00.0000000000000e+00 00.0000000000000e+00 00.0000000000000e+00 00.0000000000000e+00
JASO3 2016 140 20 02 2016 140 20 02     007 1 2016 140 20 02 38.926 02.5000000000000e+00 -0.0000000000000e+00 06.0300000000000e-03 00.0000000000000e+00 -0.0000000000000e+00 02.4120000000000e+03 00.0000000000000e+00 00.0000000000000e+00 00.0000000000000e+00 00.0000000000000e+00
JASO3 2016 207 02 50 2016 207 02 50     007 1 2016 207 02 50 45.318 05.0000000000000e-01 -0.0000000000000e+00 -1.1700000000000e-03 00.0000000000000e+00 -0.0000000000000e+00 -2.3400000000000e+03 00.0000000000000e+00 00.0000000000000e+00 00.0000000000000e+00 00.0000000000000e+00
JASO3 2016 258 20 52 2016 258 20 52     007 1 2016 258 20 52 23.250 02.1250000000000e+00 -0.0000000000000e+00 05.1800000000000e-03 00.0000000000000e+00 -0.0000000000000e+00 02.4376470588235e+03 00.0000000000000e+00 00.0000000000000e+00 00.0000000000000e+00 00.0000000000000e+00
JASO3 2016 357 21 13 2016 357 21 13     007 1 2016 357 21 13 13.594 01.7500000000000e+00 -0.0000000000000e+00 04.4200000000000e-03 00.0000000000000e+00 -0.0000000000000e+00 02.5257142857143e+03 00.0000000000000e+00 00.0000000000000e+00 00.0000000000000e+00 00.0000000000000e+00
JASO3 2017 102 23 41 2017 102 23 42     007 1 2017 102 23 42 00.765 02.1250000000000e+00 -0.0000000000000e+00 05.2800000000000e-03 00.0000000000000e+00 -0.0000000000000e+00 02.4847058823529e+03 00.0000000000000e+00 00.0000000000000e+00 00.0000000000000e+00 00.0000000000000e+00
JASO3 2017 249 16 34 2017 249 16 34     007 1 2017 249 16 34 55.111 02.0000000000000e+00 -0.0000000000000e+00 04.5500000000000e-03 00.0000000000000e+00 -0.0000000000000e+00 02.2750000000000e+03 00.0000000000000e+00 00.0000000000000e+00 00.0000000000000e+00 00.0000000000000e+00
JASO3 2017 346 19 36 2017 346 19 36     007 1 2017 346 19 36 21.786 01.5000000000000e+00 -0.0000000000000e+00 03.6400000000000e-03 00.0000000000000e+00 -0.0000000000000e+00 02.4266666666667e+03 00.0000000000000e+00 00.0000000000000e+00 00.0000000000000e+00 00.0000000000000e+00
JASO3 2018 094 00 21 2018 094 00 21     007 1 2018 094 00 21 19.431 02.1250000000000e+00 -0.0000000000000e+00 05.2000000000000e-03 00.0000000000000e+00 -0.0000000000000e+00 02.4470588235294e+03 00.0000000000000e+00 00.0000000000000e+00 00.0000000000000e+00 00.0000000000000e+00
JASO3 2018 231 17 35 2018 231 17 35     007 1 2018 231 17 35 25.624 02.0000000000000e+00 -0.0000000000000e+00 04.5900000000000e-03 00.0000000000000e+00 -0.0000000000000e+00 02.2950000000000e+03 00.0000000000000e+00 00.0000000000000e+00 00.0000000000000e+00 00.0000000000000e+00
JASO3 2018 352 17 59 2018 352 17 59     007 1 2018 352 17 59 44.068 01.8750000000000e+00 -0.0000000000000e+00 04.3700000000000e-03 00.0000000000000e+00 -0.0000000000000e+00 02.3306666666667e+03 00.0000000000000e+00 00.0000000000000e+00 00.0000000000000e+00 00.0000000000000e+00
JASO3 2019 104 20 33 2019 104 20 33     007 1 2019 104 20 33 57.833 02.2500000000000e+00 -0.0000000000000e+00 05.3200000000000e-03 00.0000000000000e+00 -0.0000000000000e+00 02.3644444444444e+03 00.0000000000000e+00 00.0000000000000e+00 00.0000000000000e+00 00.0000000000000e+00
JASO3 2019 167 19 47 2019 167 19 47     007 1 2019 167 19 47 20.764 05.0000000000000e-01 -0.0000000000000e+00 -1.1900000000000e-03 00.0000000000000e+00 -0.0000000000000e+00 -2.3800000000000e+03 00.0000000000000e+00 00.0000000000000e+00 00.0000000000000e+00 00.0000000000000e+00
JASO3 2019 218 18 50 2019 218 18 50     007 1 2019 218 18 50 15.496 01.8750000000000e+00 -0.0000000000000e+00 04.3900000000000e-03 00.0000000000000e+00 -0.0000000000000e+00 02.3413333333333e+03 00.0000000000000e+00 00.0000000000000e+00 00.0000000000000e+00 00.0000000000000e+00
JASO3 2019 337 15 26 2019 337 15 26     007 1 2019 337 15 26 37.260 01.8750000000000e+00 -0.0000000000000e+00 04.8100000000000e-03 00.0000000000000e+00 -0.0000000000000e+00 02.5653333333333e+03 00.0000000000000e+00 00.0000000000000e+00 00.0000000000000e+00 00.0000000000000e+00
JASO3 2020 072 00 10 2020 072 00 10     007 1 2020 072 00 10 17.142 01.8750000000000e+00 -0.0000000000000e+00 04.5900000000000e-03 00.0000000000000e+00 -0.0000000000000e+00 02.4480000000000e+03 00.0000000000000e+00 00.0000000000000e+00 00.0000000000000e+00 00.0000000000000e+00
JASO3 2020 205 21 24 2020 205 21 25     007 1 2020 205 21 24 39.160 01.7500000000000e+00 -0.0000000000000e+00 04.0700000000000e-03 00.0000000000000e+00 -0.0000000000000e+00 02.3257142857143e+03 00.0000000000000e+00 00.0000000000000e+00 00.0000000000000e+00 00.0000000000000e+00
JASO3 2020 303 20 13 2020 303 20 14     007 1 2020 303 20 13 47.856 01.2500000000000e+00 -0.0000000000000e+00 02.9900000000000e-03 00.0000000000000e+00 -0.0000000000000e+00 02.3920000000000e+03 00.0000000000000e+00 00.0000000000000e+00 00.0000000000000e+00 00.0000000000000e+00
JASO3 2021 035 00 43 2021 035 00 44     007 1 2021 035 00 43 35.676 02.0000000000000e+00 -0.0000000000000e+00 04.8200000000000e-03 00.0000000000000e+00 -0.0000000000000e+00 02.4100000000000e+03 00.0000000000000e+00 00.0000000000000e+00 00.0000000000000e+00 00.0000000000000e+00
