SEN3A 2016 053 09 30 2016 053 12 11     006 2 2016 053 09 30 26.812 03.1623000000000e+01 05.1507937921722e-04 -1.6167926370801e-02 00.0000000000000e+00 01.6288125074067e+01 -5.1127111187431e+02 00.0000000000000e+00 00.0000000000000e+00 00.0000000000000e+00 00.0000000000000e+00 2016 053 12 10 51.815 03.1629000000000e+01 01.0479551754309e-03 -1.6790252717554e-02 00.0000000000000e+00 03.3132731842009e+01 -5.3084993890273e+02 00.0000000000000e+00 00.0000000000000e+00 00.0000000000000e+00 00.0000000000000e+00
SEN3A 2016 054 10 45 2016 054 13 24     006 2 2016 054 10 45 13.313 01.4625000000000e+01 05.5335974991267e-05 05.4953829623480e-03 00.0000000000000e+00 03.7836564096593e+00 03.7575268118619e+02 00.0000000000000e+00 00.0000000000000e+00 00.0000000000000e+00 00.0000000000000e+00 2016 054 13 24 03.313 01.4626000000000e+01 01.0309759167600e-03 06.0486225476044e-03 00.0000000000000e+00 07.0489260000000e+01 04.1355275178479e+02 00.0000000000000e+00 00.0000000000000e+00 00.0000000000000e+00 00.0000000000000e+00
SEN3A 2016 055 19 29 2016 055 19 32     006 1 2016 055 19 31 10.882 01.7045300000000e+02 04.8963769539024e-03 -5.4762159664828e-01 00.0000000000000e+00 02.8725671908986e+01 -3.2127424958685e+03 00.0000000000000e+00 00.0000000000000e+00 00.0000000000000e+00 00.0000000000000e+00
SEN3A 2016 057 09 27 2016 057 12 08     006 2 2016 057 09 27 33.352 01.4704000000000e+01 07.1370328055902e-05 05.9138531032012e-03 00.0000000000000e+00 04.8538035946615e+00 04.0219349178463e+02 00.0000000000000e+00 00.0000000000000e+00 00.0000000000000e+00 00.0000000000000e+00 2016 057 12 08 18.353 01.4705000000000e+01 04.6694578108812e-05 06.6006475908448e-03 00.0000000000000e+00 03.1754218367094e+00 04.4887096843555e+02 00.0000000000000e+00 00.0000000000000e+00 00.0000000000000e+00 00.0000000000000e+00
SEN3A 2016 062 12 59 2016 062 15 33     006 2 2016 062 12 59 36.478 06.9242000000000e+01 06.5507714299841e-04 -2.0480683973624e-01 00.0000000000000e+00 09.4606906646025e+00 -2.9578411908414e+03 00.0000000000000e+00 00.0000000000000e+00 00.0000000000000e+00 00.0000000000000e+00 2016 062 15 33 32.917 03.4595000000000e+01 -1.9186397262795e-04 -1.0292344994418e-01 00.0000000000000e+00 -5.5460029665544e+00 -2.9750961105413e+03 00.0000000000000e+00 00.0000000000000e+00 00.0000000000000e+00 00.0000000000000e+00
SEN3A 2016 067 12 21 2016 067 12 22     006 1 2016 067 12 22 00.159 05.3652000000000e+01 -1.4343404620601e-03 -1.1838528000015e-02 01.5345913621355e-01 -2.6734147134499e+01 -2.2065399239572e+02 02.8602686985304e+03 00.0000000000000e+00 00.0000000000000e+00 00.0000000000000e+00
SEN3A 2016 081 11 16 2016 081 11 20     006 1 2016 081 11 18 23.636 02.7721200000000e+02 -8.3702428699762e-03 01.0281635319034e-02 08.6704238642558e-01 -3.0194374233353e+01 03.7089430901383e+01 03.1277231376188e+03 00.0000000000000e+00 00.0000000000000e+00 00.0000000000000e+00
SEN3A 2016 083 13 27 2016 083 13 27     006 1 2016 083 13 27 04.218 01.1100000000000e+00 01.0768943943000e-06 -3.9501438019955e-03 00.0000000000000e+00 09.7017513000000e-01 -3.5586881099059e+03 00.0000000000000e+00 00.0000000000000e+00 00.0000000000000e+00 00.0000000000000e+00
SEN3A 2016 104 09 11 2016 104 10 52     006 2 2016 104 09 11 31.871 05.5470000000000e+00 -1.2919046166377e-04 -1.9916379807797e-02 00.0000000000000e+00 -2.3290149930371e+01 -3.5904777010631e+03 00.0000000000000e+00 00.0000000000000e+00 00.0000000000000e+00 00.0000000000000e+00 2016 104 10 52 30.602 02.5833000000000e+01 03.5873445087304e-04 01.6124793013652e-02 00.0000000000000e+00 01.3886674055396e+01 06.2419359012319e+02 00.0000000000000e+00 00.0000000000000e+00 00.0000000000000e+00 00.0000000000000e+00
SEN3A 2016 110 12 03 2016 110 12 10     006 1 2016 110 12 06 58.661 04.0373300000000e+02 -6.5438215708444e-03 01.7041406648013e-02 01.2429135045451e+00 -1.6208290060125e+01 04.2209595569381e+01 03.0785531639602e+03 00.0000000000000e+00 00.0000000000000e+00 00.0000000000000e+00
SEN3A 2016 154 11 14 2016 154 11 14     006 1 2016 154 11 14 21.874 01.2943000000000e+01 -3.1742577681710e-03 08.8729657424902e-03 00.0000000000000e+00 -2.4524899700000e+02 06.8554166286720e+02 00.0000000000000e+00 00.0000000000000e+00 00.0000000000000e+00 00.0000000000000e+00
SEN3A 2016 203 12 45 2016 203 12 45     006 1 2016 203 12 45 34.890 02.3750000000000e+00 01.3773240833039e-04 05.6720989643365e-03 09.5600024857041e-04 05.7992592981216e+01 02.3882521955101e+03 04.0252642045070e+02 00.0000000000000e+00 00.0000000000000e+00 00.0000000000000e+00
SEN3A 2016 244 07 25 2016 244 07 34     006 1 2016 244 07 30 10.857 05.2150000000000e+02 -6.0413929030072e-03 01.6076432099025e-02 01.6285366652178e+00 -1.1584646026859e+01 03.0827290698035e+01 03.1227932218942e+03 00.0000000000000e+00 00.0000000000000e+00 00.0000000000000e+00
SEN3A 2016 266 07 59 2016 266 07 59     006 1 2016 266 07 59 10.307 01.0000000000000e+00 01.9645773218657e-05 -3.5367791877629e-03 02.8766907902758e-04 01.9645773218657e+01 -3.5367791877629e+03 02.8766907902758e+02 00.0000000000000e+00 00.0000000000000e+00 00.0000000000000e+00
SEN3A 2016 301 07 35 2016 301 07 36     006 1 2016 301 07 36 01.364 01.2625000000000e+01 04.4701365275000e-06 07.9819707887500e-03 -5.0342822537500e-05 03.5407022000000e-01 06.3223531000000e+02 -3.9875503000000e+00 00.0000000000000e+00 00.0000000000000e+00 00.0000000000000e+00
