SEN3B 2018 120 09 20 2018 120 11 44     006 2 2018 120 09 20 36.000 03.1500000000000e+01 -1.2545649585000e-05 -1.6663394809854e-02 00.0000000000000e+00 -3.9827459000000e-01 -5.2899666063029e+02 00.0000000000000e+00 00.0000000000000e+00 00.0000000000000e+00 00.0000000000000e+00 2018 120 11 44 26.752 03.1504000000000e+01 01.0334316347520e-05 -1.5828462760306e-02 00.0000000000000e+00 03.2803188000000e-01 -5.0242708101530e+02 00.0000000000000e+00 00.0000000000000e+00 00.0000000000000e+00 00.0000000000000e+00
SEN3B 2018 121 11 19 2018 121 13 57     006 2 2018 121 11 19 43.375 01.4749000000000e+01 -3.8395055493900e-06 04.8033584326474e-03 00.0000000000000e+00 -2.6032311000000e-01 03.2567349872177e+02 00.0000000000000e+00 00.0000000000000e+00 00.0000000000000e+00 00.0000000000000e+00 2018 121 13 57 11.376 01.4751000000000e+01 03.2044632820200e-06 05.4637829261923e-03 00.0000000000000e+00 02.1723702000000e-01 03.7040084917581e+02 00.0000000000000e+00 00.0000000000000e+00 00.0000000000000e+00 00.0000000000000e+00
SEN3B 2018 122 15 08 2018 122 15 17     006 1 2018 122 15 12 51.438 05.3837500000000e+02 00.0000000000000e+00 05.9260395315298e-01 00.0000000000000e+00 00.0000000000000e+00 01.1007271012825e+03 00.0000000000000e+00 00.0000000000000e+00 00.0000000000000e+00 00.0000000000000e+00
SEN3B 2018 124 10 36 2018 124 10 37     006 1 2018 124 10 37 11.422 09.2583000000000e+01 -1.1073909105630e-17 05.4221434959804e-04 02.8377123769077e-01 -1.1961061000000e-13 05.8565217113081e+00 03.0650469059198e+03 00.0000000000000e+00 00.0000000000000e+00 00.0000000000000e+00
SEN3B 2018 128 09 25 2018 128 11 19     006 2 2018 128 09 31 29.439 07.6950000000000e+02 08.6979678390000e-04 01.0547123148711e+00 00.0000000000000e+00 01.1303402000000e+00 01.3706462831334e+03 00.0000000000000e+00 00.0000000000000e+00 00.0000000000000e+00 00.0000000000000e+00 2018 128 11 12 40.295 07.6950000000000e+02 04.7710715985000e+00 01.0255642107253e+00 00.0000000000000e+00 06.2002230000000e+03 01.3327670054910e+03 00.0000000000000e+00 00.0000000000000e+00 00.0000000000000e+00 00.0000000000000e+00
SEN3B 2018 130 11 31 2018 130 11 40     006 1 2018 130 11 36 04.422 05.3440500000000e+02 -3.5262435798680e-03 02.4166440194368e-03 01.6975904959933e+00 -6.5984479558911e+00 04.5221208997610e+00 03.1765992009679e+03 00.0000000000000e+00 00.0000000000000e+00 00.0000000000000e+00
SEN3B 2018 144 13 02 2018 144 13 13     006 1 2018 144 13 07 37.987 06.7000500000000e+02 01.2828850395616e-02 -2.1024755688964e+00 00.0000000000000e+00 01.9147395012897e+01 -3.1379998192497e+03 00.0000000000000e+00 00.0000000000000e+00 00.0000000000000e+00 00.0000000000000e+00
SEN3B 2018 149 05 04 2018 149 05 15     006 1 2018 149 05 10 19.386 06.6350200000000e+02 -3.2964780482032e-02 -2.0491601823221e+00 00.0000000000000e+00 -4.9683016000000e+01 -3.0884009126153e+03 00.0000000000000e+00 00.0000000000000e+00 00.0000000000000e+00 00.0000000000000e+00
SEN3B 2018 150 13 06 2018 150 13 14     006 1 2018 150 13 10 11.201 04.7745300000000e+02 -1.1535243949521e-03 -1.4463099984331e+00 00.0000000000000e+00 -2.4159957000000e+00 -3.0292196267133e+03 00.0000000000000e+00 00.0000000000000e+00 00.0000000000000e+00 00.0000000000000e+00
SEN3B 2018 156 04 32 2018 156 06 17     006 2 2018 156 04 34 24.581 02.5261000000000e+02 -7.0948942067829e-04 -8.1200595039126e-04 -7.4801332710868e-01 -2.8086355278029e+00 -3.2144647891662e+00 -2.9611390170962e+03 00.0000000000000e+00 00.0000000000000e+00 00.0000000000000e+00 2018 156 06 15 24.297 02.5251000000000e+02 -2.9267062981053e-04 -7.4883288085824e-04 -7.4215344148225e-01 -1.1590457004100e+00 -2.9655573278612e+00 -2.9391051502208e+03 00.0000000000000e+00 00.0000000000000e+00 00.0000000000000e+00
SEN3B 2018 157 14 31 2018 157 14 32     006 1 2018 157 14 32 13.670 06.7645000000000e+01 05.8770007116080e-04 -1.8434885321534e-01 00.0000000000000e+00 08.6880045999084e+00 -2.7252399026586e+03 00.0000000000000e+00 00.0000000000000e+00 00.0000000000000e+00 00.0000000000000e+00
SEN3B 2018 222 07 31 2018 222 07 31     006 1 2018 222 07 31 46.425 08.7500000000000e-01 -7.0066932375621e-05 01.7520224782607e-03 00.0000000000000e+00 -8.0076494143567e+01 02.0023114037265e+03 00.0000000000000e+00 00.0000000000000e+00 00.0000000000000e+00 00.0000000000000e+00
SEN3B 2018 235 04 21 2018 235 06 02     006 2 2018 235 04 21 35.309 03.8618000000000e+01 01.3712512196815e-04 02.4383679291325e-02 00.0000000000000e+00 03.5508084822661e+00 06.3140709750182e+02 00.0000000000000e+00 00.0000000000000e+00 00.0000000000000e+00 00.0000000000000e+00 2018 235 06 02 18.506 07.0110000000000e+00 -1.3696800794460e-03 -2.3726580707920e-02 00.0000000000000e+00 -1.9536158600000e+02 -3.3841935113279e+03 00.0000000000000e+00 00.0000000000000e+00 00.0000000000000e+00 00.0000000000000e+00
SEN3B 2018 242 09 03 2018 242 09 15     006 1 2018 242 09 09 38.407 07.2651700000000e+02 -1.4070270930199e-05 01.0545955126124e-02 02.1579801290564e+00 -1.9366747000000e-02 01.4515772000000e+01 02.9703092000000e+03 00.0000000000000e+00 00.0000000000000e+00 00.0000000000000e+00
SEN3B 2018 288 03 00 2018 288 03 01     006 1 2018 288 03 00 57.475 06.9500000000000e+00 -2.7539017770000e-06 -1.9999105940000e-02 00.0000000000000e+00 -3.9624486000000e-01 -2.8775692000000e+03 00.0000000000000e+00 00.0000000000000e+00 00.0000000000000e+00 00.0000000000000e+00
SEN3B 2018 289 10 45 2018 289 10 48     006 1 2018 289 10 47 23.876 01.8948900000000e+02 05.5452212551200e-04 -5.4399974449530e-01 00.0000000000000e+00 02.9264080000000e+00 -2.8708777000000e+03 00.0000000000000e+00 00.0000000000000e+00 00.0000000000000e+00 00.0000000000000e+00
SEN3B 2018 297 09 07 2018 297 09 17     006 1 2018 297 09 12 24.203 06.0506200000000e+02 -1.3531477084732e-03 -1.7209991447824e+00 00.0000000000000e+00 -2.2363786000000e+00 -2.8443352000000e+03 00.0000000000000e+00 00.0000000000000e+00 00.0000000000000e+00 00.0000000000000e+00
SEN3B 2018 324 13 06 2018 324 14 57     006 2 2018 324 13 11 37.846 06.4411700000000e+02 -1.0269847180307e-03 07.0599886607080e-01 00.0000000000000e+00 -1.5944071000000e+00 01.0960724000000e+03 00.0000000000000e+00 00.0000000000000e+00 00.0000000000000e+00 00.0000000000000e+00 2018 324 14 52 33.220 06.4410900000000e+02 -9.7572246402540e-04 06.9999949732620e-01 00.0000000000000e+00 -1.5148406000000e+00 01.0867718000000e+03 00.0000000000000e+00 00.0000000000000e+00 00.0000000000000e+00 00.0000000000000e+00
SEN3B 2018 324 16 28 2018 324 16 38     006 1 2018 324 16 33 30.308 06.4395600000000e+02 -9.1543149311760e-04 06.9399891548520e-01 00.0000000000000e+00 -1.4215746000000e+00 01.0777117000000e+03 00.0000000000000e+00 00.0000000000000e+00 00.0000000000000e+00 00.0000000000000e+00
SEN3B 2018 327 12 40 2018 327 12 43     006 1 2018 327 12 41 58.471 01.7348400000000e+02 01.7839470749760e-04 01.8598732149960e-01 00.0000000000000e+00 01.0283064000000e+00 01.0720719000000e+03 00.0000000000000e+00 00.0000000000000e+00 00.0000000000000e+00 00.0000000000000e+00
