SEN3B 2018 120 09 20 2018 120 11 44     006 2 2018 120 09 20 36.000 03.1500000000000e+01 -1.2545649585000e-05 -1.6663394809854e-02 00.0000000000000e+00 -3.9827459000000e-01 -5.2899666063029e+02 00.0000000000000e+00 00.0000000000000e+00 00.0000000000000e+00 00.0000000000000e+00 2018 120 11 44 26.752 03.1504000000000e+01 01.0334316347520e-05 -1.5828462760306e-02 00.0000000000000e+00 03.2803188000000e-01 -5.0242708101530e+02 00.0000000000000e+00 00.0000000000000e+00 00.0000000000000e+00 00.0000000000000e+00
SEN3B 2018 121 11 19 2018 121 13 57     006 2 2018 121 11 19 43.375 01.4749000000000e+01 -3.8395055493900e-06 04.8033584326474e-03 00.0000000000000e+00 -2.6032311000000e-01 03.2567349872177e+02 00.0000000000000e+00 00.0000000000000e+00 00.0000000000000e+00 00.0000000000000e+00 2018 121 13 57 11.376 01.4751000000000e+01 03.2044632820200e-06 05.4637829261923e-03 00.0000000000000e+00 02.1723702000000e-01 03.7040084917581e+02 00.0000000000000e+00 00.0000000000000e+00 00.0000000000000e+00 00.0000000000000e+00
SEN3B 2018 122 15 08 2018 122 15 17     006 1 2018 122 15 12 51.438 05.3837500000000e+02 00.0000000000000e+00 05.9260395315298e-01 00.0000000000000e+00 00.0000000000000e+00 01.1007271012825e+03 00.0000000000000e+00 00.0000000000000e+00 00.0000000000000e+00 00.0000000000000e+00
SEN3B 2018 124 10 36 2018 124 10 37     006 1 2018 124 10 37 11.422 09.2583000000000e+01 -1.1073909105630e-17 05.4221434959804e-04 02.8377123769077e-01 -1.1961061000000e-13 05.8565217113081e+00 03.0650469059198e+03 00.0000000000000e+00 00.0000000000000e+00 00.0000000000000e+00
SEN3B 2018 128 09 25 2018 128 11 19     006 2 2018 128 09 31 29.439 07.6950000000000e+02 08.6979678390000e-04 01.0547123148711e+00 00.0000000000000e+00 01.1303402000000e+00 01.3706462831334e+03 00.0000000000000e+00 00.0000000000000e+00 00.0000000000000e+00 00.0000000000000e+00 2018 128 11 12 40.295 07.6950000000000e+02 04.7710715985000e+00 01.0255642107253e+00 00.0000000000000e+00 06.2002230000000e+03 01.3327670054910e+03 00.0000000000000e+00 00.0000000000000e+00 00.0000000000000e+00 00.0000000000000e+00
SEN3B 2018 130 11 31 2018 130 11 40     006 1 2018 130 11 36 04.422 05.3440500000000e+02 -3.5262435798680e-03 02.4166440194368e-03 01.6975904959933e+00 -6.5984479558911e+00 04.5221208997610e+00 03.1765992009679e+03 00.0000000000000e+00 00.0000000000000e+00 00.0000000000000e+00
SEN3B 2018 144 13 02 2018 144 13 13     006 1 2018 144 13 07 37.987 06.7000500000000e+02 01.2828850395616e-02 -2.1024755688964e+00 00.0000000000000e+00 01.9147395012897e+01 -3.1379998192497e+03 00.0000000000000e+00 00.0000000000000e+00 00.0000000000000e+00 00.0000000000000e+00
SEN3B 2018 149 05 04 2018 149 05 15     006 1 2018 149 05 10 19.386 06.6350200000000e+02 -3.2964780482032e-02 -2.0491601823221e+00 00.0000000000000e+00 -4.9683016000000e+01 -3.0884009126153e+03 00.0000000000000e+00 00.0000000000000e+00 00.0000000000000e+00 00.0000000000000e+00
SEN3B 2018 150 13 06 2018 150 13 14     006 1 2018 150 13 10 11.201 04.7745300000000e+02 -1.1535243949521e-03 -1.4463099984331e+00 00.0000000000000e+00 -2.4159957000000e+00 -3.0292196267133e+03 00.0000000000000e+00 00.0000000000000e+00 00.0000000000000e+00 00.0000000000000e+00
SEN3B 2018 156 04 32 2018 156 06 17     006 2 2018 156 04 34 24.581 02.5261000000000e+02 -7.0948942067829e-04 -8.1200595039126e-04 -7.4801332710868e-01 -2.8086355278029e+00 -3.2144647891662e+00 -2.9611390170962e+03 00.0000000000000e+00 00.0000000000000e+00 00.0000000000000e+00 2018 156 06 15 24.297 02.5251000000000e+02 -2.9267062981053e-04 -7.4883288085824e-04 -7.4215344148225e-01 -1.1590457004100e+00 -2.9655573278612e+00 -2.9391051502208e+03 00.0000000000000e+00 00.0000000000000e+00 00.0000000000000e+00
SEN3B 2018 157 14 31 2018 157 14 32     006 1 2018 157 14 32 13.670 06.7645000000000e+01 05.8770007116080e-04 -1.8434885321534e-01 00.0000000000000e+00 08.6880045999084e+00 -2.7252399026586e+03 00.0000000000000e+00 00.0000000000000e+00 00.0000000000000e+00 00.0000000000000e+00
SEN3B 2018 222 07 31 2018 222 07 31     006 1 2018 222 07 31 46.425 08.7500000000000e-01 -7.0066932375621e-05 01.7520224782607e-03 00.0000000000000e+00 -8.0076494143567e+01 02.0023114037265e+03 00.0000000000000e+00 00.0000000000000e+00 00.0000000000000e+00 00.0000000000000e+00
SEN3B 2018 235 04 21 2018 235 06 02     006 2 2018 235 04 21 35.309 03.8618000000000e+01 01.3712512196815e-04 02.4383679291325e-02 00.0000000000000e+00 03.5508084822661e+00 06.3140709750182e+02 00.0000000000000e+00 00.0000000000000e+00 00.0000000000000e+00 00.0000000000000e+00 2018 235 06 02 18.506 07.0110000000000e+00 -1.3696800794460e-03 -2.3726580707920e-02 00.0000000000000e+00 -1.9536158600000e+02 -3.3841935113279e+03 00.0000000000000e+00 00.0000000000000e+00 00.0000000000000e+00 00.0000000000000e+00
SEN3B 2018 242 09 03 2018 242 09 15     006 1 2018 242 09 09 38.407 07.2651700000000e+02 -4.2437707165563e-03 01.2063266020446e-02 02.1532486928840e+00 -5.8412545288773e+00 01.6604244663849e+01 02.9637967079697e+03 00.0000000000000e+00 00.0000000000000e+00 00.0000000000000e+00
SEN3B 2018 288 03 00 2018 288 03 01     006 1 2018 288 03 00 57.475 06.9500000000000e+00 -1.6523410662000e-03 -1.9496162224098e-02 00.0000000000000e+00 -2.3774691600000e+02 -2.8052031977119e+03 00.0000000000000e+00 00.0000000000000e+00 00.0000000000000e+00 00.0000000000000e+00
SEN3B 2018 289 10 45 2018 289 10 49     006 1 2018 289 10 47 25.288 01.9046400000000e+02 05.0376710871330e-03 -5.4024879110475e-01 00.0000000000000e+00 02.6449465973270e+01 -2.8364876885120e+03 00.0000000000000e+00 00.0000000000000e+00 00.0000000000000e+00 00.0000000000000e+00
SEN3B 2018 297 09 07 2018 297 09 17     006 1 2018 297 09 12 20.344 05.9495300000000e+02 -5.3644722582960e-02 -1.7172414552084e+00 00.0000000000000e+00 -9.0166320000000e+01 -2.8863480900312e+03 00.0000000000000e+00 00.0000000000000e+00 00.0000000000000e+00 00.0000000000000e+00
SEN3B 2018 302 15 14 2018 302 15 14     006 1 2018 302 15 14 29.873 03.3350000000000e+00 02.6262906050027e-04 -1.0772694289774e-02 00.0000000000000e+00 07.8749343478341e+01 -3.2301931903369e+03 00.0000000000000e+00 00.0000000000000e+00 00.0000000000000e+00 00.0000000000000e+00
SEN3B 2018 308 10 38 2018 308 12 19     006 2 2018 308 10 38 33.274 04.5470000000000e+00 02.2912821930943e-04 -1.4741183952298e-02 00.0000000000000e+00 05.0391075282480e+01 -3.2419582037163e+03 00.0000000000000e+00 00.0000000000000e+00 00.0000000000000e+00 00.0000000000000e+00 2018 308 12 19 36.698 02.5395000000000e+01 -9.2187604396800e-04 01.4640680196130e-02 00.0000000000000e+00 -3.6301478400000e+01 05.7651821996969e+02 00.0000000000000e+00 00.0000000000000e+00 00.0000000000000e+00 00.0000000000000e+00
SEN3B 2018 324 13 06 2018 324 14 59     006 2 2018 324 13 12 21.780 07.3044000000000e+02 -1.1305359082338e-01 06.9102709555115e-01 00.0000000000000e+00 -1.5477464380836e+02 09.4604224241711e+02 00.0000000000000e+00 00.0000000000000e+00 00.0000000000000e+00 00.0000000000000e+00 2018 324 14 53 16.466 07.2906800000000e+02 -1.2061271995509e-01 06.8172062549518e-01 00.0000000000000e+00 -1.6543411582334e+02 09.3505767019699e+02 00.0000000000000e+00 00.0000000000000e+00 00.0000000000000e+00 00.0000000000000e+00
SEN3B 2018 324 16 28 2018 324 16 40     006 1 2018 324 16 34 13.046 07.2790900000000e+02 -1.0932767607271e-01 06.7334136018691e-01 00.0000000000000e+00 -1.5019415348994e+02 09.2503508019122e+02 00.0000000000000e+00 00.0000000000000e+00 00.0000000000000e+00 00.0000000000000e+00
SEN3B 2018 326 20 04 2018 326 20 07     006 1 2018 326 20 06 10.625 02.0750000000000e+02 03.3930427170169e-03 01.2308638970020e-01 00.0000000000000e+00 01.6352013094057e+01 05.9318742024194e+02 00.0000000000000e+00 00.0000000000000e+00 00.0000000000000e+00 00.0000000000000e+00
SEN3B 2018 327 20 23 2018 327 20 27     006 1 2018 327 20 25 12.786 02.1755600000000e+02 -6.9437493401753e-03 01.5807433418417e-01 00.0000000000000e+00 -3.1917066595154e+01 07.2659147154834e+02 00.0000000000000e+00 00.0000000000000e+00 00.0000000000000e+00 00.0000000000000e+00
SEN3B 2018 331 08 32 2018 331 08 33     006 1 2018 331 08 32 56.106 01.4301000000000e+01 02.9565863324852e-04 -3.4831125143629e-02 00.0000000000000e+00 02.0673983165409e+01 -2.4355726972680e+03 00.0000000000000e+00 00.0000000000000e+00 00.0000000000000e+00 00.0000000000000e+00
SEN3B 2018 346 13 36 2018 346 13 45     006 1 2018 346 13 40 56.988 05.5162500000000e+02 03.2557889116689e-03 01.0591425670125e-02 01.5322380830835e+00 05.9021779500000e+00 01.9200409100612e+01 02.7776806400787e+03 00.0000000000000e+00 00.0000000000000e+00 00.0000000000000e+00
SEN3B 2019 044 09 38 2019 044 09 48     006 1 2019 044 09 43 10.427 05.8837500000000e+02 07.9766232040691e-03 09.4319104160183e-03 01.6162105399893e+00 01.3557039650000e+01 01.6030440477618e+01 02.7469055279188e+03 00.0000000000000e+00 00.0000000000000e+00 00.0000000000000e+00
SEN3B 2019 156 07 50 2019 156 07 50     006 1 2019 156 07 50 06.000 02.6240000000000e+00 -1.1516665018481e-04 05.2280221734336e-03 01.6669019126405e-03 -4.3889729491162e+01 01.9923864990220e+03 06.3525225329288e+02 00.0000000000000e+00 00.0000000000000e+00 00.0000000000000e+00
SEN3B 2019 170 06 46 2019 170 06 55     006 1 2019 170 06 51 08.355 05.7175000000000e+02 09.7374694473000e-02 09.3184661229453e-03 01.5576064544479e+00 01.7030991600000e+02 01.6298148006900e+01 02.7242788884090e+03 00.0000000000000e+00 00.0000000000000e+00 00.0000000000000e+00
SEN3B 2019 240 09 57 2019 240 09 57     006 1 2019 240 09 57 17.000 01.7500000000000e+00 09.6541462500000e-04 03.4527071732007e-03 03.5667096633700e-04 05.5166550000000e+02 01.9729755275432e+03 02.0381198076400e+02 00.0000000000000e+00 00.0000000000000e+00 00.0000000000000e+00
SEN3B 2019 283 17 44 2019 283 19 26     006 2 2019 283 17 44 58.000 06.5750000000000e+01 -1.6090798935000e-12 04.0082101432500e-02 01.7603620960000e-10 -2.4472698000000e-08 06.0961371000000e+02 02.6773568000000e-06 00.0000000000000e+00 00.0000000000000e+00 00.0000000000000e+00 2019 283 19 25 56.000 01.7000000000000e+01 02.0178365900000e-12 -4.2562361100000e-02 01.0634310390000e-13 01.1869627000000e-07 -2.5036683000000e+03 06.2554767000000e-09 00.0000000000000e+00 00.0000000000000e+00 00.0000000000000e+00
