SEN3B 2018 120 09 20 2018 120 11 44     006 2 2018 120 09 20 36.000 03.1500000000000e+01 -1.2545649585000e-05 -1.6663394809854e-02 00.0000000000000e+00 -3.9827459000000e-01 -5.2899666063029e+02 00.0000000000000e+00 00.0000000000000e+00 00.0000000000000e+00 00.0000000000000e+00 2018 120 11 44 26.752 03.1504000000000e+01 01.0334316347520e-05 -1.5828462760306e-02 00.0000000000000e+00 03.2803188000000e-01 -5.0242708101530e+02 00.0000000000000e+00 00.0000000000000e+00 00.0000000000000e+00 00.0000000000000e+00
SEN3B 2018 121 11 19 2018 121 13 57     006 2 2018 121 11 19 43.375 01.4749000000000e+01 -3.8395055493900e-06 04.8033584326474e-03 00.0000000000000e+00 -2.6032311000000e-01 03.2567349872177e+02 00.0000000000000e+00 00.0000000000000e+00 00.0000000000000e+00 00.0000000000000e+00 2018 121 13 57 11.376 01.4751000000000e+01 03.2044632820200e-06 05.4637829261923e-03 00.0000000000000e+00 02.1723702000000e-01 03.7040084917581e+02 00.0000000000000e+00 00.0000000000000e+00 00.0000000000000e+00 00.0000000000000e+00
SEN3B 2018 122 15 08 2018 122 15 17     006 1 2018 122 15 12 51.438 05.3837500000000e+02 00.0000000000000e+00 05.9260395315298e-01 00.0000000000000e+00 00.0000000000000e+00 01.1007271012825e+03 00.0000000000000e+00 00.0000000000000e+00 00.0000000000000e+00 00.0000000000000e+00
SEN3B 2018 124 10 36 2018 124 10 37     006 1 2018 124 10 37 11.422 09.2583000000000e+01 -1.1073909105630e-17 05.4221434959804e-04 02.8377123769077e-01 -1.1961061000000e-13 05.8565217113081e+00 03.0650469059198e+03 00.0000000000000e+00 00.0000000000000e+00 00.0000000000000e+00
SEN3B 2018 128 09 25 2018 128 11 19     006 2 2018 128 09 31 29.439 07.6950000000000e+02 08.6979678390000e-04 01.0547123148711e+00 00.0000000000000e+00 01.1303402000000e+00 01.3706462831334e+03 00.0000000000000e+00 00.0000000000000e+00 00.0000000000000e+00 00.0000000000000e+00 2018 128 11 12 40.295 07.6950000000000e+02 04.7710715985000e+00 01.0255642107253e+00 00.0000000000000e+00 06.2002230000000e+03 01.3327670054910e+03 00.0000000000000e+00 00.0000000000000e+00 00.0000000000000e+00 00.0000000000000e+00
SEN3B 2018 130 11 31 2018 130 11 40     006 1 2018 130 11 36 04.422 05.3440500000000e+02 -3.5262435798680e-03 02.4166440194368e-03 01.6975904959933e+00 -6.5984479558911e+00 04.5221208997610e+00 03.1765992009679e+03 00.0000000000000e+00 00.0000000000000e+00 00.0000000000000e+00
SEN3B 2018 144 13 02 2018 144 13 13     006 1 2018 144 13 07 37.987 06.7000500000000e+02 01.2828850395616e-02 -2.1024755688964e+00 00.0000000000000e+00 01.9147395012897e+01 -3.1379998192497e+03 00.0000000000000e+00 00.0000000000000e+00 00.0000000000000e+00 00.0000000000000e+00
SEN3B 2018 149 05 04 2018 149 05 15     006 1 2018 149 05 10 19.386 06.6350200000000e+02 -3.2964780482032e-02 -2.0491601823221e+00 00.0000000000000e+00 -4.9683016000000e+01 -3.0884009126153e+03 00.0000000000000e+00 00.0000000000000e+00 00.0000000000000e+00 00.0000000000000e+00
SEN3B 2018 150 13 06 2018 150 13 14     006 1 2018 150 13 10 11.201 04.7745300000000e+02 -1.1535243949521e-03 -1.4463099984331e+00 00.0000000000000e+00 -2.4159957000000e+00 -3.0292196267133e+03 00.0000000000000e+00 00.0000000000000e+00 00.0000000000000e+00 00.0000000000000e+00
SEN3B 2018 156 04 32 2018 156 06 17     006 2 2018 156 04 34 24.581 02.5261000000000e+02 -7.0948942067829e-04 -8.1200595039126e-04 -7.4801332710868e-01 -2.8086355278029e+00 -3.2144647891662e+00 -2.9611390170962e+03 00.0000000000000e+00 00.0000000000000e+00 00.0000000000000e+00 2018 156 06 15 24.297 02.5251000000000e+02 -2.9267062981053e-04 -7.4883288085824e-04 -7.4215344148225e-01 -1.1590457004100e+00 -2.9655573278612e+00 -2.9391051502208e+03 00.0000000000000e+00 00.0000000000000e+00 00.0000000000000e+00
SEN3B 2018 157 14 31 2018 157 14 32     006 1 2018 157 14 32 13.670 06.7645000000000e+01 05.8770007116080e-04 -1.8434885321534e-01 00.0000000000000e+00 08.6880045999084e+00 -2.7252399026586e+03 00.0000000000000e+00 00.0000000000000e+00 00.0000000000000e+00 00.0000000000000e+00
SEN3B 2018 222 07 31 2018 222 07 31     006 1 2018 222 07 31 46.425 08.7500000000000e-01 -7.0066932375621e-05 01.7520224782607e-03 00.0000000000000e+00 -8.0076494143567e+01 02.0023114037265e+03 00.0000000000000e+00 00.0000000000000e+00 00.0000000000000e+00 00.0000000000000e+00
SEN3B 2018 235 04 21 2018 235 06 02     006 2 2018 235 04 21 35.309 03.8618000000000e+01 01.3712512196815e-04 02.4383679291325e-02 00.0000000000000e+00 03.5508084822661e+00 06.3140709750182e+02 00.0000000000000e+00 00.0000000000000e+00 00.0000000000000e+00 00.0000000000000e+00 2018 235 06 02 18.506 07.0110000000000e+00 -1.3696800794460e-03 -2.3726580707920e-02 00.0000000000000e+00 -1.9536158600000e+02 -3.3841935113279e+03 00.0000000000000e+00 00.0000000000000e+00 00.0000000000000e+00 00.0000000000000e+00
SEN3B 2018 242 09 03 2018 242 09 15     006 1 2018 242 09 09 38.407 07.2651700000000e+02 -4.2437707165563e-03 01.2063266020446e-02 02.1532486928840e+00 -5.8412545288773e+00 01.6604244663849e+01 02.9637967079697e+03 00.0000000000000e+00 00.0000000000000e+00 00.0000000000000e+00
SEN3B 2018 288 03 00 2018 288 03 01     006 1 2018 288 03 00 57.475 06.9500000000000e+00 -1.6523410662000e-03 -1.9496162224098e-02 00.0000000000000e+00 -2.3774691600000e+02 -2.8052031977119e+03 00.0000000000000e+00 00.0000000000000e+00 00.0000000000000e+00 00.0000000000000e+00
SEN3B 2018 289 10 45 2018 289 10 49     006 1 2018 289 10 47 25.288 01.9046400000000e+02 05.0376710871330e-03 -5.4024879110475e-01 00.0000000000000e+00 02.6449465973270e+01 -2.8364876885120e+03 00.0000000000000e+00 00.0000000000000e+00 00.0000000000000e+00 00.0000000000000e+00
SEN3B 2018 297 09 07 2018 297 09 17     006 1 2018 297 09 12 20.344 05.9495300000000e+02 -5.3644722582960e-02 -1.7172414552084e+00 00.0000000000000e+00 -9.0166320000000e+01 -2.8863480900312e+03 00.0000000000000e+00 00.0000000000000e+00 00.0000000000000e+00 00.0000000000000e+00
SEN3B 2018 302 15 14 2018 302 15 14     006 1 2018 302 15 14 29.873 03.3350000000000e+00 02.6262906050027e-04 -1.0772694289774e-02 00.0000000000000e+00 07.8749343478341e+01 -3.2301931903369e+03 00.0000000000000e+00 00.0000000000000e+00 00.0000000000000e+00 00.0000000000000e+00
SEN3B 2018 308 10 38 2018 308 12 19     006 2 2018 308 10 38 33.274 04.5470000000000e+00 02.2912821930943e-04 -1.4741183952298e-02 00.0000000000000e+00 05.0391075282480e+01 -3.2419582037163e+03 00.0000000000000e+00 00.0000000000000e+00 00.0000000000000e+00 00.0000000000000e+00 2018 308 12 19 36.698 02.5395000000000e+01 -9.2187604396800e-04 01.4640680196130e-02 00.0000000000000e+00 -3.6301478400000e+01 05.7651821996969e+02 00.0000000000000e+00 00.0000000000000e+00 00.0000000000000e+00 00.0000000000000e+00
SEN3B 2018 324 13 06 2018 324 14 59     006 2 2018 324 13 12 21.780 07.3044000000000e+02 -1.1305359082338e-01 06.9102709555115e-01 00.0000000000000e+00 -1.5477464380836e+02 09.4604224241711e+02 00.0000000000000e+00 00.0000000000000e+00 00.0000000000000e+00 00.0000000000000e+00 2018 324 14 53 16.466 07.2906800000000e+02 -1.2061271995509e-01 06.8172062549518e-01 00.0000000000000e+00 -1.6543411582334e+02 09.3505767019699e+02 00.0000000000000e+00 00.0000000000000e+00 00.0000000000000e+00 00.0000000000000e+00
SEN3B 2018 324 16 28 2018 324 16 40     006 1 2018 324 16 34 13.046 07.2790900000000e+02 -1.0932767607271e-01 06.7334136018691e-01 00.0000000000000e+00 -1.5019415348994e+02 09.2503508019122e+02 00.0000000000000e+00 00.0000000000000e+00 00.0000000000000e+00 00.0000000000000e+00
SEN3B 2018 326 20 04 2018 326 20 07     006 1 2018 326 20 06 10.625 02.0750000000000e+02 03.3930427170169e-03 01.2308638970020e-01 00.0000000000000e+00 01.6352013094057e+01 05.9318742024194e+02 00.0000000000000e+00 00.0000000000000e+00 00.0000000000000e+00 00.0000000000000e+00
SEN3B 2018 327 20 23 2018 327 20 27     006 1 2018 327 20 25 12.786 02.1755600000000e+02 -6.9437493401753e-03 01.5807433418417e-01 00.0000000000000e+00 -3.1917066595154e+01 07.2659147154834e+02 00.0000000000000e+00 00.0000000000000e+00 00.0000000000000e+00 00.0000000000000e+00
SEN3B 2018 331 08 32 2018 331 08 33     006 1 2018 331 08 32 56.106 01.4301000000000e+01 02.9565863324852e-04 -3.4831125143629e-02 00.0000000000000e+00 02.0673983165409e+01 -2.4355726972680e+03 00.0000000000000e+00 00.0000000000000e+00 00.0000000000000e+00 00.0000000000000e+00
SEN3B 2018 346 13 36 2018 346 13 45     006 1 2018 346 13 40 56.988 05.5162500000000e+02 03.2557889116689e-03 01.0591425670125e-02 01.5322380830835e+00 05.9021779500000e+00 01.9200409100612e+01 02.7776806400787e+03 00.0000000000000e+00 00.0000000000000e+00 00.0000000000000e+00
SEN3B 2019 044 09 38 2019 044 09 48     006 1 2019 044 09 43 10.427 05.8837500000000e+02 07.9766232040691e-03 09.4319104160183e-03 01.6162105399893e+00 01.3557039650000e+01 01.6030440477618e+01 02.7469055279188e+03 00.0000000000000e+00 00.0000000000000e+00 00.0000000000000e+00
SEN3B 2019 156 07 50 2019 156 07 50     006 1 2019 156 07 50 06.000 02.6240000000000e+00 -1.1516665018481e-04 05.2280221734336e-03 01.6669019126405e-03 -4.3889729491162e+01 01.9923864990220e+03 06.3525225329288e+02 00.0000000000000e+00 00.0000000000000e+00 00.0000000000000e+00
SEN3B 2019 170 06 46 2019 170 06 55     006 1 2019 170 06 51 08.355 05.7175000000000e+02 09.7374694473000e-02 09.3184661229453e-03 01.5576064544479e+00 01.7030991600000e+02 01.6298148006900e+01 02.7242788884090e+03 00.0000000000000e+00 00.0000000000000e+00 00.0000000000000e+00
SEN3B 2019 240 09 57 2019 240 09 57     006 1 2019 240 09 57 17.000 01.7500000000000e+00 09.6541462500000e-04 03.4527071732007e-03 03.5667096633700e-04 05.5166550000000e+02 01.9729755275432e+03 02.0381198076400e+02 00.0000000000000e+00 00.0000000000000e+00 00.0000000000000e+00
SEN3B 2019 283 17 44 2019 283 19 26     006 2 2019 283 17 44 58.000 06.5750000000000e+01 -6.4363195740000e-04 03.5122019540326e-02 05.6427350770022e-03 -9.7890792000000e+00 05.3417520213423e+02 08.5821065809920e+01 00.0000000000000e+00 00.0000000000000e+00 00.0000000000000e+00 2019 283 19 25 56.000 01.7000000000000e+01 02.2500901868600e-04 -4.1675032487625e-02 -2.0474391991368e-04 01.3235824628588e+01 -2.4514724992720e+03 -1.2043759994922e+01 00.0000000000000e+00 00.0000000000000e+00 00.0000000000000e+00
SEN3B 2019 289 07 02 2019 289 07 16     006 1 2019 289 07 09 32.370 08.0287500000000e+02 09.1395424959750e-02 01.9699868966204e-02 02.1612939747247e+00 01.1383518600000e+02 02.4536657594524e+01 02.6919432971816e+03 00.0000000000000e+00 00.0000000000000e+00 00.0000000000000e+00
SEN3B 2019 352 08 23 2019 352 08 23     006 1 2019 352 08 23 07.000 01.2500000000000e+00 -1.4075740010166e-04 02.4916768412972e-03 01.8781081088091e-04 -1.1260592008133e+02 01.9933414730378e+03 01.5024864870473e+02 00.0000000000000e+00 00.0000000000000e+00 00.0000000000000e+00
SEN3B 2020 036 08 42 2020 036 08 54     006 1 2020 036 08 48 58.961 07.1862500000000e+02 04.3083327225375e-03 01.1494878040819e-02 01.9102500240985e+00 05.9952447000000e+00 01.5995655649079e+01 02.6582014598693e+03 00.0000000000000e+00 00.0000000000000e+00 00.0000000000000e+00
SEN3B 2020 099 11 29 2020 099 11 40     006 1 2020 099 11 35 01.885 06.7375000000000e+02 01.2412131751250e-02 08.7745043214467e-03 01.7730255731987e+00 01.8422459000000e+01 01.3023383037398e+01 02.6315778451929e+03 00.0000000000000e+00 00.0000000000000e+00 00.0000000000000e+00
SEN3B 2020 148 07 04 2020 148 07 04     006 1 2020 148 07 04 37.000 02.8760000000000e+00 -9.7311256887393e-05 05.4946322109725e-03 02.6751501946178e-04 -3.3835624786994e+01 01.9105118953312e+03 09.3016348908825e+01 00.0000000000000e+00 00.0000000000000e+00 00.0000000000000e+00
SEN3B 2020 211 08 03 2020 211 08 03     006 1 2020 211 08 03 37.000 01.8760000000000e+00 -6.6572758707112e-05 03.5646033647879e-03 -6.9939185899014e-05 -3.5486545153045e+01 01.9001084034051e+03 -3.7281015937641e+01 00.0000000000000e+00 00.0000000000000e+00 00.0000000000000e+00
SEN3B 2020 281 09 28 2020 281 09 42     006 1 2020 281 09 35 36.158 08.8556800000000e+02 01.1198156932435e-01 01.4814558856147e-02 02.2911540274696e+00 01.2645168900000e+02 01.6728877800628e+01 02.5872141128288e+03 00.0000000000000e+00 00.0000000000000e+00 00.0000000000000e+00
SEN3B 2020 351 07 54 2020 351 07 54     006 1 2020 351 07 54 36.999 01.3750000000000e+01 -1.2454468125000e-03 08.3510929292752e-03 05.0262081522709e-04 -9.0577950000000e+01 06.0735221303819e+02 03.6554241107425e+01 00.0000000000000e+00 00.0000000000000e+00 00.0000000000000e+00
SEN3B 2021 013 08 50 2021 013 08 50     006 1 2021 013 08 50 37.000 01.2500000000000e+00 05.6765170500000e-03 -3.6102838624269e-03 03.6133521139013e-04 04.5412136400000e+03 -2.8882270899415e+03 02.8906816911211e+02 00.0000000000000e+00 00.0000000000000e+00 00.0000000000000e+00
SEN3B 2021 034 08 05 2021 034 08 18     006 1 2021 034 08 12 02.839 07.4425000000000e+02 02.6789958250250e-02 01.4396754885087e-02 01.9184289323371e+00 03.5995913000000e+01 01.9343977003811e+01 02.5776673595392e+03 00.0000000000000e+00 00.0000000000000e+00 00.0000000000000e+00
SEN3B 2021 104 11 07 2021 104 11 21     006 1 2021 104 11 14 32.970 07.9325000000000e+02 01.4122418146875e-10 01.2039620937825e-02 02.0177233113476e+00 01.7803237500000e-07 01.5177587063127e+01 02.5436158983266e+03 00.0000000000000e+00 00.0000000000000e+00 00.0000000000000e+00
SEN3B 2021 139 09 30 2021 139 09 30     006 1 2021 139 09 30 37.000 01.3376000000000e+01 -7.1589080022870e-05 07.5186035849030e-03 07.2427636911664e-05 -5.3520544275471e+00 05.6209655987612e+02 05.4147455825108e+00 00.0000000000000e+00 00.0000000000000e+00 00.0000000000000e+00
SEN3B 2021 202 07 10 2021 202 07 10     006 1 2021 202 07 10 37.000 01.2750000000000e+01 01.4689112786790e-04 06.2792594721029e-03 -1.9170876965899e-04 01.1520872773953e+01 04.9249093898846e+02 -1.5035981934039e+01 00.0000000000000e+00 00.0000000000000e+00 00.0000000000000e+00
SEN3B 2021 272 08 40 2021 272 08 40     006 1 2021 272 08 40 37.000 01.7500000000000e+00 -1.3838946828407e-04 03.2614662378253e-03 01.1542295321576e-04 -7.9079696162324e+01 01.8636949930430e+03 06.5955973266150e+01 00.0000000000000e+00 00.0000000000000e+00 00.0000000000000e+00
SEN3B 2021 293 12 51 2021 293 13 05     006 1 2021 293 12 58 37.407 08.7348700000000e+02 09.1622039486412e-02 01.5532771958033e-02 02.1772563520260e+00 01.0489227600000e+02 01.7782487842443e+01 02.4926030404871e+03 00.0000000000000e+00 00.0000000000000e+00 00.0000000000000e+00
SEN3B 2021 335 08 20 2021 335 08 20     006 1 2021 335 08 20 37.000 01.3750000000000e+01 -1.0654217123358e-04 08.1004755958179e-03 -5.1177827566894e-04 -7.7485215442603e+00 05.8912549787766e+02 -3.7220238230468e+01 00.0000000000000e+00 00.0000000000000e+00 00.0000000000000e+00
SEN3B 2022 012 08 23 2022 012 08 23     006 1 2022 012 08 23 37.000 03.1250000000000e+00 -3.3183764824588e-05 05.3752534539358e-03 -1.6447955331144e-04 -1.0618804743868e+01 01.7200811052595e+03 -5.2633457059662e+01 00.0000000000000e+00 00.0000000000000e+00 00.0000000000000e+00
SEN3B 2022 033 07 28 2022 033 07 41     006 1 2022 033 07 35 17.118 07.9283000000000e+02 01.3537288813275e-02 01.6218960540653e-02 01.9350252319239e+00 01.7074642500000e+01 02.0457046959188e+01 02.4406559185751e+03 00.0000000000000e+00 00.0000000000000e+00 00.0000000000000e+00
SEN3B 2022 075 07 44 2022 075 07 44     006 1 2022 075 07 44 37.000 01.4750000000000e+01 -2.2709745990882e-04 09.4548418851406e-03 03.0619255066129e-04 -1.5396437959920e+01 06.4100622950106e+02 02.0758816993986e+01 00.0000000000000e+00 00.0000000000000e+00 00.0000000000000e+00
SEN3B 2022 096 08 31 2022 096 08 45     006 1 2022 096 08 38 30.821 07.9658400000000e+02 01.3392758485284e-10 01.6309262817741e-02 01.9228190663086e+00 01.6812738500000e-07 02.0474002512906e+01 02.4138308907894e+03 00.0000000000000e+00 00.0000000000000e+00 00.0000000000000e+00
SEN3B 2022 117 09 30 2022 117 09 30     006 1 2022 117 09 30 37.000 02.6125000000000e+01 -1.3330746739215e-05 01.3489384822696e-02 01.0124656917314e-03 -5.1026781776899e-01 05.1634008890701e+02 03.8754667626083e+01 00.0000000000000e+00 00.0000000000000e+00 00.0000000000000e+00
SEN3B 2022 144 07 50 2022 144 07 50     006 1 2022 144 07 50 37.000 02.6500000000000e+01 -2.8276752459742e-04 01.4096024128729e-02 08.7406936000191e-04 -1.0670472626318e+01 05.3192543881996e+02 03.2983749434034e+01 00.0000000000000e+00 00.0000000000000e+00 00.0000000000000e+00
SEN3B 2022 180 08 53 2022 180 08 53     006 1 2022 180 08 53 37.000 02.5875000000000e+01 -2.2243915018789e-04 01.2973258735746e-02 01.5199109536883e-03 -8.5966821328654e+00 05.0138198012546e+02 05.8740519949305e+01 00.0000000000000e+00 00.0000000000000e+00 00.0000000000000e+00
SEN3B 2022 221 08 00 2022 221 08 00     006 1 2022 221 08 00 37.000 01.5376000000000e+01 -1.6315914818290e-05 01.0663586160531e-02 -3.2427261777907e-04 -1.0611286952582e+00 06.9352147245911e+02 -2.1089530292603e+01 00.0000000000000e+00 00.0000000000000e+00 00.0000000000000e+00
SEN3B 2022 264 07 45 2022 264 07 45     006 1 2022 264 07 45 37.000 01.4750000000000e+01 -4.4413929674162e-05 09.5891801994692e-03 02.6221058657150e-04 -3.0111138762144e+00 06.5011391182842e+02 01.7776988920102e+01 00.0000000000000e+00 00.0000000000000e+00 00.0000000000000e+00
SEN3B 2022 279 07 47 2022 279 08 02     006 1 2022 279 07 54 56.411 08.9805200000000e+02 01.4944291597898e-10 01.5966612856375e-02 02.1357257560490e+00 01.6640786500000e-07 01.7779162962028e+01 02.3781760477667e+03 00.0000000000000e+00 00.0000000000000e+00 00.0000000000000e+00
SEN3B 2022 293 08 40 2022 293 08 40     006 1 2022 293 08 40 37.001 02.6625000000000e+01 -2.0866286484786e-04 01.4323334125256e-02 03.0528139635922e-04 -7.8371029050841e+00 05.3796560094859e+02 01.1465967938375e+01 00.0000000000000e+00 00.0000000000000e+00 00.0000000000000e+00
SEN3B 2022 326 07 50 2022 326 07 50     006 1 2022 326 07 50 37.000 02.7375000000000e+01 -1.2061889104504e-04 01.5726788445544e-02 02.7113517674926e-04 -4.4061695358920e+00 05.7449455508835e+02 09.9044813424387e+00 00.0000000000000e+00 00.0000000000000e+00 00.0000000000000e+00
SEN3B 2022 355 08 35 2022 355 08 35     006 1 2022 355 08 35 37.000 02.5375000000000e+01 03.1234219450000e-18 01.2103973978170e-02 -1.2220079634375e-04 01.2309052000000e-13 04.7700390061754e+02 -4.8157949298030e+00 00.0000000000000e+00 00.0000000000000e+00 00.0000000000000e+00
SEN3B 2023 012 07 20 2023 012 07 20     006 1 2023 012 07 20 37.000 02.6500000000000e+01 -2.2527349210170e-04 01.4189727285778e-02 01.3210320731334e-03 -8.5008864944037e+00 05.3546140701050e+02 04.9850266910696e+01 00.0000000000000e+00 00.0000000000000e+00 00.0000000000000e+00
SEN3B 2023 023 07 25 2023 023 07 38     006 1 2023 023 07 32 14.868 07.5538700000000e+02 09.9462057078488e-03 02.6245429623817e-02 01.7610579637429e+00 01.3167033200000e+01 03.4744349087046e+01 02.3313321036010e+03 00.0000000000000e+00 00.0000000000000e+00 00.0000000000000e+00
SEN3B 2023 047 10 35 2023 047 10 35     006 1 2023 047 10 35 37.000 02.8000000000000e+01 -1.9836187840000e-02 01.6913645021082e-02 -3.1462953355501e-04 -7.0843528000000e+02 06.0405875075291e+02 -1.1236769055536e+01 00.0000000000000e+00 00.0000000000000e+00 00.0000000000000e+00
SEN3B 2023 066 07 20 2023 066 07 21     006 1 2023 066 07 20 37.000 05.0625000000000e+01 02.2254229777500e-03 02.5221240041034e-02 07.3052260131453e-04 04.3958972400000e+01 04.9819733414387e+02 01.4430076075349e+01 00.0000000000000e+00 00.0000000000000e+00 00.0000000000000e+00
SEN3B 2023 072 15 57 2023 072 18 05     006 2 2023 072 15 58 09.000 01.8124000000000e+01 01.2298001595880e-03 -3.9270115343674e-02 01.7750282875622e-03 06.7854787000000e+01 -2.1667465980840e+03 09.7937998651634e+01 00.0000000000000e+00 00.0000000000000e+00 00.0000000000000e+00 2023 072 18 05 09.000 07.6500000000000e+01 -7.8133657034779e-04 03.9945679085928e-02 02.1116982633175e-03 -1.0213549939187e+01 05.2216573968533e+02 02.7603898866896e+01 00.0000000000000e+00 00.0000000000000e+00 00.0000000000000e+00
SEN3B 2023 081 09 05 2023 081 09 05     006 1 2023 081 09 05 37.000 02.6375000000000e+01 -1.1668820480130e-04 01.3888652785054e-02 09.6746424587288e-04 -4.4241973384378e+00 05.2658399185037e+02 03.6681108848261e+01 00.0000000000000e+00 00.0000000000000e+00 00.0000000000000e+00
SEN3B 2023 095 09 35 2023 095 09 50     006 1 2023 095 09 43 25.522 08.9514000000000e+02 07.2609122212650e-02 02.3938630962299e-02 02.0848117208992e+00 08.1114822500000e+01 02.6742890455459e+01 02.3290342526299e+03 00.0000000000000e+00 00.0000000000000e+00 00.0000000000000e+00
SEN3B 2023 110 09 55 2023 110 09 55     006 1 2023 110 09 55 37.000 02.8375000000000e+01 -3.0767524236769e-04 01.6961979136185e-02 05.4783975609631e-04 -1.0843180347760e+01 05.9777900039419e+02 01.9307127968152e+01 00.0000000000000e+00 00.0000000000000e+00 00.0000000000000e+00
SEN3B 2023 131 09 10 2023 131 09 10     006 1 2023 131 09 10 37.000 03.8750000000000e+01 -4.6828263333049e-04 01.9686562602196e-02 09.1390933740085e-04 -1.2084713118206e+01 05.0804032521796e+02 02.3584757094215e+01 00.0000000000000e+00 00.0000000000000e+00 00.0000000000000e+00
SEN3B 2023 157 07 55 2023 157 07 55     006 1 2023 157 07 55 37.000 02.8375000000000e+01 -5.5093418558616e-04 01.7057798360342e-02 04.8073918480589e-04 -1.9416182751935e+01 06.0115588935128e+02 01.6942350125318e+01 00.0000000000000e+00 00.0000000000000e+00 00.0000000000000e+00
SEN3B 2023 180 08 00 2023 180 08 00     006 1 2023 180 08 00 37.000 03.7750000000000e+01 01.0240872132750e-02 01.7988132933616e-02 08.9432822747016e-05 02.7128138100000e+02 04.7650683267857e+02 02.3690813972719e+00 00.0000000000000e+00 00.0000000000000e+00 00.0000000000000e+00
SEN3B 2023 208 07 35 2023 208 07 35     006 1 2023 208 07 35 37.000 02.7500000000000e+01 -1.6929891227975e-04 01.6036630969101e-02 02.3903825871416e-04 -6.1563240829002e+00 05.8315021705820e+02 08.6923003168786e+00 00.0000000000000e+00 00.0000000000000e+00 00.0000000000000e+00
SEN3B 2023 222 15 20 2023 222 15 21     006 1 2023 222 15 20 46.376 02.5250000000000e+01 06.1862131382248e-05 01.2088799062088e-02 -1.0290611775803e-05 02.4499854012772e+00 04.7876431929060e+02 -4.0754898121992e-01 00.0000000000000e+00 00.0000000000000e+00 00.0000000000000e+00
SEN3B 2023 228 07 13 2023 228 07 13     006 1 2023 228 07 13 57.000 02.1240000000000e+00 01.9035758699450e-06 -5.4402213690092e-03 08.3078840516243e-05 08.9622216099104e-01 -2.5613094957670e+03 03.9114331693146e+01 00.0000000000000e+00 00.0000000000000e+00 00.0000000000000e+00
SEN3B 2023 243 07 24 2023 243 07 24     006 1 2023 243 07 24 37.000 02.6125000000000e+01 -3.6068280035103e-04 01.3484818461811e-02 04.5880790630077e-04 -1.3806040204824e+01 05.1616529997363e+02 01.7562025121560e+01 00.0000000000000e+00 00.0000000000000e+00 00.0000000000000e+00
SEN3B 2023 263 08 40 2023 263 08 54     006 1 2023 263 08 47 27.552 08.9187800000000e+02 04.3448072671731e-03 02.2569142308813e-02 02.0429087659515e+00 04.8715264500000e+00 02.5305190069509e+01 02.2905697482744e+03 00.0000000000000e+00 00.0000000000000e+00 00.0000000000000e+00
SEN3B 2023 271 08 40 2023 271 08 40     006 1 2023 271 08 40 37.000 02.6250000000000e+01 -3.4903864460315e-04 01.3491348695484e-02 02.2838328247241e-04 -1.3296710270596e+01 05.1395614078033e+02 08.7003155227585e+00 00.0000000000000e+00 00.0000000000000e+00 00.0000000000000e+00
SEN3B 2023 286 08 55 2023 286 08 55     006 1 2023 286 08 55 37.000 03.9125000000000e+01 -1.3543390547802e-04 02.0255712390813e-02 06.3893234261492e-04 -3.4615694690869e+00 05.1771788858309e+02 01.6330539108369e+01 00.0000000000000e+00 00.0000000000000e+00 00.0000000000000e+00
SEN3B 2023 305 09 05 2023 305 09 05     006 1 2023 305 09 05 37.000 02.6625000000000e+01 -2.7414915889550e-04 01.4470736489110e-02 01.3758243216703e-03 -1.0296682024244e+01 05.4350183996657e+02 05.1674152926586e+01 00.0000000000000e+00 00.0000000000000e+00 00.0000000000000e+00
SEN3B 2023 307 20 33 2023 307 22 14     006 2 2023 307 20 33 18.000 02.9624000000000e+01 01.4483782074921e-04 -6.1970099330344e-02 01.0495303870091e-04 04.8892053993116e+00 -2.0918883111782e+03 03.5428381954129e+00 00.0000000000000e+00 00.0000000000000e+00 00.0000000000000e+00 2023 307 22 13 18.000 01.1287500000000e+02 -1.0367466013628e-04 06.0887452727452e-02 08.3160198707975e-04 -9.1849089821736e-01 05.3942372294531e+02 07.3674594647154e+00 00.0000000000000e+00 00.0000000000000e+00 00.0000000000000e+00
SEN3B 2023 319 09 44 2023 319 09 44     006 1 2023 319 09 44 37.000 03.7750000000000e+01 06.8086544015000e-03 01.8077272977928e-02 09.8332438094696e-04 01.8036170600000e+02 04.7886815835570e+02 02.6048327972105e+01 00.0000000000000e+00 00.0000000000000e+00 00.0000000000000e+00
SEN3B 2023 321 07 28 2023 321 09 09     006 2 2023 321 07 29 20.000 07.6500000000000e+01 01.1993520672000e+07 04.2487803787511e-02 01.8753821942979e-02 01.5677804800000e+11 05.5539612794131e+02 02.4514799925463e+02 00.0000000000000e+00 00.0000000000000e+00 00.0000000000000e+00 2023 321 09 09 20.000 01.8375000000000e+01 -1.1492169675000e+05 -3.9593783125956e-02 -4.5880288518229e+06 -6.2542420000000e+09 -2.1547637075350e+03 -2.4968864499716e+11 00.0000000000000e+00 00.0000000000000e+00 00.0000000000000e+00
SEN3B 2023 341 08 34 2023 341 08 35     006 1 2023 341 08 35 20.000 04.0750000000000e+01 -4.8103504575000e-16 02.4081302150000e-02 01.0611952407500e-10 -1.1804541000000e-11 05.9095220000000e+02 02.6041601000000e-06 00.0000000000000e+00 00.0000000000000e+00 00.0000000000000e+00
SEN3B 2024 004 08 10 2024 004 08 10     006 1 2024 004 08 10 37.000 03.7750000000000e+01 09.3649203022500e-03 01.8079124192008e-02 02.4740490009177e-04 02.4807735900000e+02 04.7891719713928e+02 06.5537721878614e+00 00.0000000000000e+00 00.0000000000000e+00 00.0000000000000e+00
SEN3B 2024 017 08 59 2024 017 09 14     006 1 2024 017 09 07 16.628 08.7476800000000e+02 07.2076207565040e-03 02.4752156591225e-02 02.0371689847036e+00 08.2394655000000e+00 02.8295681359201e+01 02.3288105928699e+03 00.0000000000000e+00 00.0000000000000e+00 00.0000000000000e+00
