SEN6A 2020 328 02 38 2020 328 02 38     006 1 2020 328 02 38 42.000 02.9999000000000e+01 -9.7292195818700e-05 01.7615020413080e-01 00.0000000000000e+00 -3.2431813000000e+00 05.8718692000000e+03 00.0000000000000e+00 00.0000000000000e+00 00.0000000000000e+00 00.0000000000000e+00
SEN6A 2020 328 09 50 2020 328 09 58     006 1 2020 328 09 54 37.568 05.1771700000000e+02 01.8681072950237e-16 02.8021609684214e-16 -5.4999991656710e+00 03.6083561000000e-13 05.4125342000000e-13 -1.0623563000000e+04 00.0000000000000e+00 00.0000000000000e+00 00.0000000000000e+00
SEN6A 2020 329 01 38 2020 329 01 42     006 1 2020 329 01 40 33.160 02.3232000000000e+02 06.2799650496000e-05 -2.3400046348800e+00 00.0000000000000e+00 02.7031530000000e-01 -1.0072334000000e+04 00.0000000000000e+00 00.0000000000000e+00 00.0000000000000e+00 00.0000000000000e+00
SEN6A 2020 332 05 22 2020 332 05 25     006 1 2020 332 05 23 54.589 01.3037200000000e+02 -1.5775141068280e-03 07.7363614381240e-03 -1.2964914071252e+00 -1.2100099000000e+01 05.9340667000000e+01 -9.9445541000000e+03 00.0000000000000e+00 00.0000000000000e+00 00.0000000000000e+00
SEN6A 2020 345 05 01 2020 345 05 08     006 1 2020 345 05 04 53.700 04.4244000000000e+02 -1.2885399570240e-02 04.4157757383000e+00 -1.2792860147160e-02 -2.9123496000000e+01 09.9805075000000e+03 -2.8914339000000e+01 00.0000000000000e+00 00.0000000000000e+00 00.0000000000000e+00
SEN6A 2020 349 05 15 2020 349 05 24     006 1 2020 349 05 20 05.000 05.2510400000000e+02 -9.4041473978560e-03 05.1683344921776e+00 05.0657961213376e-04 -1.7909114000000e+01 09.8424969000000e+03 09.6472244000000e-01 00.0000000000000e+00 00.0000000000000e+00 00.0000000000000e+00
SEN6A 2020 351 06 27 2020 351 06 28     006 1 2020 351 06 28 02.877 05.0334000000000e+01 -1.3941995029740e-03 04.8164621210220e-01 -6.1954283409000e-03 -2.7698961000000e+01 09.5690033000000e+03 -1.2308635000000e+02 00.0000000000000e+00 00.0000000000000e+00 00.0000000000000e+00
SEN6A 2020 353 00 38 2020 353 00 39     006 1 2020 353 00 39 17.602 05.2792000000000e+01 -8.6138135429600e-04 05.0530812528080e-01 09.5519448043200e-04 -1.6316513000000e+01 09.5716799000000e+03 01.8093546000000e+01 00.0000000000000e+00 00.0000000000000e+00 00.0000000000000e+00
SEN6A 2021 049 01 45 2021 049 01 45     006 1 2021 049 01 45 37.000 04.2200000000000e-01 00.0000000000000e+00 03.7978864820000e-03 00.0000000000000e+00 00.0000000000000e+00 08.9997310000000e+03 00.0000000000000e+00 00.0000000000000e+00 00.0000000000000e+00 00.0000000000000e+00
SEN6A 2021 117 07 42 2021 117 07 50     006 2 2021 117 07 42 50.500 02.7000000000000e+01 00.0000000000000e+00 08.0312569200000e-02 00.0000000000000e+00 00.0000000000000e+00 02.9745396000000e+03 00.0000000000000e+00 00.0000000000000e+00 00.0000000000000e+00 00.0000000000000e+00 2021 117 07 50 45.000 01.6000000000000e+01 00.0000000000000e+00 02.8965384000000e-02 00.0000000000000e+00 00.0000000000000e+00 01.8103365000000e+03 00.0000000000000e+00 00.0000000000000e+00 00.0000000000000e+00 00.0000000000000e+00
SEN6A 2021 117 08 10 2021 117 08 10     006 1 2021 117 08 10 40.500 07.0000000000000e+00 00.0000000000000e+00 02.2186964100000e-02 00.0000000000000e+00 00.0000000000000e+00 03.1695663000000e+03 00.0000000000000e+00 00.0000000000000e+00 00.0000000000000e+00 00.0000000000000e+00
SEN6A 2021 119 00 55 2021 119 00 55     006 1 2021 119 00 55 43.000 02.9806000000000e+01 00.0000000000000e+00 -2.7970516714000e-01 00.0000000000000e+00 00.0000000000000e+00 -9.3841900000000e+03 00.0000000000000e+00 00.0000000000000e+00 00.0000000000000e+00 00.0000000000000e+00
SEN6A 2021 120 10 39 2021 120 10 39     006 1 2021 120 10 39 18.879 01.4646000000000e+01 00.0000000000000e+00 01.4956000165200e-01 00.0000000000000e+00 00.0000000000000e+00 01.0211662000000e+04 00.0000000000000e+00 00.0000000000000e+00 00.0000000000000e+00 00.0000000000000e+00
