spot2 1990 037 01 00 1990 037 02 00
spot2 1990 068 01 10 1990 068 02 10
spot2 1990 094 01 10 1990 094 02 10
spot2 1990 108 11 30 1990 108 21 30
spot2 1990 109 19 50 1990 109 21 30
spot2 1990 113 23 40 1990 114 00 40
spot2 1990 123 00 10 1990 123 01 10
spot2 1990 150 02 00 1990 150 14 00
spot2 1990 158 00 30 1990 158 01 30
spot2 1990 179 00 30 1990 179 01 30
spot2 1990 204 00 50 1990 204 01 50
spot2 1990 235 00 55 1990 235 01 55
spot2 1990 256 00 50 1990 256 01 50
spot2 1990 277 00 50 1990 277 01 50
spot2 1990 304 00 30 1990 304 01 30
spot2 1990 347 00 30 1990 347 01 50
spot2 1991 023 23 50 1991 024 01 50
spot2 1991 038 00 27 1991 038 01 27
spot2 1991 070 00 10 1991 070 01 10
spot2 1991 086 23 44 1991 087 00 44
spot2 1991 112 20 30 1991 112 21 30
spot2 1991 116 00 30 1991 116 01 30
spot2 1991 168 00 30 1991 168 01 30
spot2 1991 211 23 30 1991 212 01 30
spot2 1991 234 00 50 1991 234 01 50
spot2 1991 252 00 30 1991 252 01 50
spot2 1991 281 00 30 1991 281 01 50
spot2 1991 309 23 40 1991 310 01 50
spot2 1991 330 00 10 1991 330 01 10
spot2 1992 022 00 16 1992 022 01 10
spot2 1992 043 23 52 1992 044 00 45
spot2 1992 063 00 27 1992 063 01 19
spot2 1992 094 00 31 1992 094 01 24
spot2 1992 100 12 00 1992 100 14 00
spot2 1992 103 00 55 1992 103 01 55
spot2 1992 126 00 15 1992 126 01 15
spot2 1992 135 00 43 1992 135 01 40
spot2 1992 246 23 48 1992 247 00 42
spot2 1992 282 23 56 1992 283 00 50
spot2 1992 324 23 48 1992 325 00 42
spot2 1992 358 00 54 1992 358 01 48
spot2 1993 056 00 23 1993 056 01 17
spot2 1993 098 00 15 1993 098 01 09
spot2 1993 173 01 13 1993 173 02 07
spot2 1993 222 00 30 1993 222 01 24
spot2 1993 306 23 54 1993 307 00 48
spot2 1993 343 12 40 1993 343 12 58
spot2 1993 348 00 05 1993 348 00 59
spot2 1993 356 00 52 1993 356 01 46
spot2 1994 012 00 48 1994 012 01 42
spot2 1994 061 23 46 1994 062 00 40
spot2 1994 125 01 16 1994 125 02 09
spot2 1994 180 00 17 1994 180 01 11
spot2 1994 321 00 05 1994 321 01 01
spot2 1995 039 12 53 1995 039 13 04
spot2 1995 041 01 10 1995 041 02 07
spot2 1995 060 23 44 1995 061 00 41
spot2 1995 153 00 16 1995 153 01 13
spot2 1995 236 00 21 1995 236 01 18
spot2 1995 327 01 12 1995 327 02 09
spot2 1996 121 00 12 1996 121 01 09
spot2 1996 249 00 50 1996 249 01 47
spot2 1996 265 00 42 1996 265 01 39
spot2 1996 313 00 19 1996 313 01 16
spot2 1997 119 23 53 1997 120 00 50
spot2 1997 184 00 40 1997 184 01 31
spot2 1997 204 20 00 1997 204 20 52
spot2 1997 205 19 30 1997 205 20 21
spot2 1997 216 14 00 1997 216 14 51
spot2 1997 304 00 32 1997 304 01 23
spot2 1997 355 00 51 1997 355 01 42
spot2 1998 118 12 48 1998 118 13 15
spot2 1998 179 00 16 1998 179 01 07
spot2 1998 231 23 57 1998 232 00 48
spot2 1998 276 00 52 1998 276 01 43
spot2 1998 325 23 50 1998 326 00 41
spot2 1999 028 00 16 1999 028 01 07
spot2 1999 079 00 22 1999 079 01 13
spot2 1999 131 00 22 1999 131 01 13
spot2 1999 172 00 42 1999 172 01 33
spot2 1999 232 01 20 1999 232 02 11
spot2 1999 289 01 24 1999 289 02 15
spot2 1999 318 00 25 1999 318 01 16
spot2 1999 338 00 41 1999 338 01 32
spot2 2000 025 00 40 2000 025 01 31
spot2 2000 066 00 51 2000 066 01 42
spot2 2000 096 01 14 2000 096 02 05
spot2 2000 131 12 57 2000 131 13 29
spot2 2000 133 01 02 2000 133 01 53
spot2 2000 143 01 10 2000 143 02 01
spot2 2000 151 00 15 2000 151 01 07
spot2 2000 183 00 00 2000 183 00 51
spot2 2000 211 01 03 2000 211 01 54
spot2 2000 252 01 15 2000 252 02 06
spot2 2000 296 00 29 2000 296 01 20
spot2 2000 322 00 29 2000 322 01 20
spot2 2000 353 00 33 2000 353 01 24
spot2 2001 019 23 58 2001 020 00 49
spot2 2001 066 00 14 2001 066 01 05
spot2 2001 094 01 16 2001 094 02 07
spot2 2001 134 00 06 2001 134 00 57
spot2 2001 184 00 45 2001 184 01 36
spot2 2001 243 00 09 2001 243 01 00
spot2 2001 279 00 17 2001 279 01 08
spot2 2001 305 00 16 2001 305 01 08
spot2 2001 326 00 12 2001 326 01 04
spot2 2001 347 13 09 2001 347 13 35
spot2 2001 350 02 16 2001 350 03 07
spot2 2002 004 01 26 2002 004 02 18
spot2 2002 026 01 03 2002 026 01 54
spot2 2002 051 01 23 2002 051 02 14
spot2 2002 080 00 25 2002 080 01 16
spot2 2002 119 01 15 2002 119 02 07
spot2 2002 158 00 25 2002 158 01 16
