SPOT2 1992 246 23 48 1992 247 00 42
SPOT2 1992 282 23 56 1992 283 00 50
SPOT2 1992 324 23 48 1992 325 00 42
SPOT2 1992 358 00 54 1992 358 01 48
SPOT2 1993 056 00 23 1993 056 01 17
SPOT2 1993 098 00 15 1993 098 01 09
SPOT2 1993 173 01 13 1993 173 02 07
SPOT2 1993 222 00 30 1993 222 01 24
SPOT2 1993 306 23 54 1993 307 00 48
SPOT2 1993 343 12 40 1993 343 12 58
SPOT2 1993 348 00 05 1993 348 00 59
SPOT2 1993 356 00 52 1993 356 01 46
SPOT2 1994 012 00 48 1994 012 01 42
SPOT2 1994 061 23 46 1994 062 00 40
SPOT2 1994 125 01 16 1994 125 02 09
SPOT2 1994 180 00 17 1994 180 01 11
SPOT2 1994 321 00 05 1994 321 01 01
SPOT2 1995 039 12 53 1995 039 13 04
SPOT2 1995 041 01 10 1995 041 02 07
SPOT2 1995 060 23 44 1995 061 00 41
SPOT2 1995 153 00 16 1995 153 01 13
SPOT2 1995 236 00 21 1995 236 01 18
SPOT2 1995 327 01 12 1995 327 02 09
SPOT2 1996 121 00 12 1996 121 01 09
SPOT2 1996 249 00 50 1996 249 01 47
SPOT2 1996 265 00 42 1996 265 01 39
SPOT2 1996 313 00 19 1996 313 01 16
SPOT2 1997 119 23 53 1997 120 00 50
SPOT2 1997 184 00 40 1997 184 01 31
SPOT2 1997 204 20 00 1997 204 20 52
SPOT2 1997 205 19 30 1997 205 20 21
SPOT2 1997 216 14 00 1997 216 14 51
SPOT2 1997 304 00 32 1997 304 01 23
SPOT2 1997 355 00 51 1997 355 01 42
SPOT2 1998 118 12 48 1998 118 13 15
SPOT2 1998 179 00 16 1998 179 01 07
SPOT2 1998 231 23 57 1998 232 00 48
SPOT2 1998 276 00 52 1998 276 01 43
SPOT2 1998 325 23 50 1998 326 00 41
SPOT2 1999 028 00 16 1999 028 01 07
SPOT2 1999 079 00 22 1999 079 01 13
SPOT2 1999 131 00 22 1999 131 01 13
SPOT2 1999 172 00 42 1999 172 01 33
SPOT2 1999 232 01 20 1999 232 02 11
SPOT2 1999 289 01 24 1999 289 02 15
SPOT2 1999 318 00 25 1999 318 01 16
SPOT2 1999 338 00 41 1999 338 01 32
SPOT2 2000 025 00 40 2000 025 01 31
SPOT2 2000 066 00 51 2000 066 01 42
SPOT2 2000 096 01 14 2000 096 02 05
SPOT2 2000 131 12 57 2000 131 13 29
SPOT2 2000 133 01 02 2000 133 01 53
SPOT2 2000 143 01 10 2000 143 02 01
SPOT2 2000 151 00 15 2000 151 01 07
SPOT2 2000 183 00 00 2000 183 00 51
SPOT2 2000 211 01 03 2000 211 01 54
SPOT2 2000 252 01 15 2000 252 02 06
SPOT2 2000 296 00 29 2000 296 01 20
SPOT2 2000 322 00 29 2000 322 01 20
SPOT2 2000 353 00 33 2000 353 01 24
SPOT2 2001 019 23 58 2001 020 00 49
SPOT2 2001 066 00 14 2001 066 01 05
SPOT2 2001 094 01 16 2001 094 02 07
SPOT2 2001 134 00 06 2001 134 00 57
SPOT2 2001 184 00 45 2001 184 01 36
SPOT2 2001 243 00 09 2001 243 01 00
SPOT2 2001 279 00 17 2001 279 01 08
SPOT2 2001 305 00 16 2001 305 01 08
SPOT2 2001 326 00 12 2001 326 01 04
SPOT2 2001 347 13 09 2001 347 13 35
SPOT2 2001 350 02 16 2001 350 03 07
SPOT2 2002 004 01 26 2002 004 02 18
SPOT2 2002 026 01 03 2002 026 01 54
SPOT2 2002 051 01 23 2002 051 02 14
SPOT2 2002 080 00 25 2002 080 01 16
SPOT2 2002 119 01 15 2002 119 02 07
SPOT2 2002 158 00 25 2002 158 01 16
SPOT2 2002 214 00 48 2002 214 01 40
SPOT2 2002 261 00 45 2002 261 01 36
SPOT2 2002 304 23 58 2002 305 00 49
SPOT2 2002 345 00 29 2002 345 01 20
SPOT2 2003 020 01 00 2003 020 01 51
SPOT2 2003 083 00 47 2003 083 01 38
SPOT2 2003 127 00 00 2003 127 00 51
