------------------------------------------
spot2 1992 246 23 50 1992 247  0 42
spot2 1992 282 23 58 1992 283  0 50
spot2 1992 324 23 50 1992 325  0 42
spot2 1992 358  0 56 1992 358  1 49
spot2 1993  56  0 25 1993  56  1 18
spot2 1993  98  0 17 1993  98  1 10
spot2 1993 173  1 15 1993 173  2  8
spot2 1993 222  0 32 1993 222  1 24
spot2 1993 306 23 55 1993 307  0 48
spot2 1993 343 12 47 1993 343 12 59
spot2 1993 348  0  7 1993 348  0 59
spot2 1993 356  0 54 1993 356  1 46
spot2 1994  12  0 50 1994  12  1 42
spot2 1994  61 23 48 1994  62  0 40
spot2 1994 125  1 17 1994 125  2 10
spot2 1994 180  0 19 1994 180  1 11
spot2 1994 321  0  6 1994 321  1  2
spot2 1995  39 12 53 1995  39 13  5
spot2 1995  41  1 12 1995  41  2  7
spot2 1995  60 23 46 1995  61  0 42
spot2 1995 153  0 18 1995 153  1 14
spot2 1995 236  0 23 1995 236  1 18
spot2 1995 327  1 13 1995 327  2  9
spot2 1996 121  0 14 1996 121  1 10
spot2 1996 249  0 52 1996 249  1 47
spot2 1996 265  0 44 1996 265  1 39
spot2 1996 313  0 21 1996 313  1 17
spot2 1997 119 23 55 1997 120  0 51
spot2 1997 184  0 41 1997 184  1 31
spot2 1997 204 20  1 1997 204 20 52
spot2 1997 205 19 31 1997 205 20 22
spot2 1997 216 14  0 1997 216 14 51
spot2 1997 304  0 33 1997 304  1 24
spot2 1997 355  0 52 1997 355  1 43
spot2 1998 118 12 55 1998 118 13 16
spot2 1998 179  0 17 1998 179  1  7
spot2 1998 231 23 58 1998 232  0 49
spot2 1998 276  0 53 1998 276  1 44
spot2 1998 325 23 51 1998 326  0 42
spot2 1999  28  0 16 1999  28  1  7
spot2 1999  79  0 23 1999  79  1 14
spot2 1999 131  0 23 1999 131  1 14
spot2 1999 172  0 42 1999 172  1 33
spot2 1999 232  1 21 1999 232  2 12
spot2 1999 289  1 25 1999 289  2 15
spot2 1999 318  0 26 1999 318  1 17
spot2 1999 338  0 41 1999 338  1 32
spot2 2000  25  0 41 2000  25  1 32
spot2 2000  66  0 52 2000  66  1 43
spot2 2000  96  1 15 2000  96  2  6
spot2 2000 131 13  5 2000 131 13 30
spot2 2000 133  1  2 2000 133  1 53
spot2 2000 143  1 10 2000 143  2  1
spot2 2000 151  0 16 2000 151  1  7
spot2 2000 183  0  1 2000 183  0 52
spot2 2000 211  1  4 2000 211  1 54
spot2 2000 252  1 16 2000 252  2  7
spot2 2000 296  0 29 2000 296  1 20
spot2 2000 322  0 29 2000 322  1 20
------------------------------------------
