------------------------------------------
spot2 1992 246 23 50 1992 247 00 42
spot2 1992 282 23 58 1992 283 00 50
spot2 1992 324 23 50 1992 325 00 42
spot2 1992 358 00 56 1992 358 01 49
spot2 1993 056 00 25 1993 056 01 18
spot2 1993 098 00 17 1993 098 01 10
spot2 1993 173 01 15 1993 173 02 08
spot2 1993 222 00 32 1993 222 01 24
spot2 1993 306 23 55 1993 307 00 48
spot2 1993 343 12 47 1993 343 12 59
spot2 1993 348 00 07 1993 348 00 59
spot2 1993 356 00 54 1993 356 01 46
spot2 1994 012 00 50 1994 012 01 42
spot2 1994 061 23 48 1994 062 00 40
spot2 1994 125 01 17 1994 125 02 10
spot2 1994 180 00 19 1994 180 01 11
spot2 1994 321 00 06 1994 321 01 02
spot2 1995 039 12 53 1995 039 13 05
spot2 1995 041 01 12 1995 041 02 07
spot2 1995 060 23 46 1995 061 00 42
spot2 1995 153 00 18 1995 153 01 14
spot2 1995 236 00 23 1995 236 01 18
spot2 1995 327 01 13 1995 327 02 09
spot2 1996 121 00 14 1996 121 01 10
spot2 1996 249 00 52 1996 249 01 47
spot2 1996 265 00 44 1996 265 01 39
spot2 1996 313 00 21 1996 313 01 17
spot2 1997 119 23 55 1997 120 00 51
spot2 1997 184 00 41 1997 184 01 31
spot2 1997 204 20 01 1997 204 20 52
spot2 1997 205 19 31 1997 205 20 22
spot2 1997 216 14 00 1997 216 14 51
spot2 1997 304 00 33 1997 304 01 24
spot2 1997 355 00 52 1997 355 01 43
spot2 1998 118 13 03 1998 118 13 16
spot2 1998 179 00 17 1998 179 01 07
spot2 1998 231 23 58 1998 232 00 49
spot2 1998 276 00 53 1998 276 01 44
spot2 1998 325 23 51 1998 326 00 42
spot2 1999 028 00 16 1999 028 01 07
spot2 1999 079 00 23 1999 079 01 14
spot2 1999 131 00 23 1999 131 01 14
spot2 1999 172 00 43 1999 172 01 33
spot2 1999 232 01 21 1999 232 02 12
spot2 1999 289 01 25 1999 289 02 15
spot2 1999 318 00 26 1999 318 01 17
spot2 1999 338 00 41 1999 338 01 32
spot2 2000 025 00 41 2000 025 01 32
spot2 2000 066 00 52 2000 066 01 43
spot2 2000 096 01 15 2000 096 02 06
spot2 2000 131 13 15 2000 131 13 30
spot2 2000 133 01 02 2000 133 01 53
spot2 2000 143 01 10 2000 143 02 01
spot2 2000 151 00 16 2000 151 01 07
spot2 2000 183 00 01 2000 183 00 52
spot2 2000 211 01 04 2000 211 01 54
spot2 2000 252 01 16 2000 252 02 07
spot2 2000 296 00 29 2000 296 01 20
spot2 2000 322 00 29 2000 322 01 20
spot2 2000 353 00 34 2000 353 01 24
spot2 2001 019 23 59 2001 020 00 49
spot2 2001 066 00 14 2001 066 01 05
spot2 2001 094 01 17 2001 094 02 08
spot2 2001 134 00 06 2001 134 00 57
spot2 2001 184 00 45 2001 184 01 36
spot2 2001 243 00 10 2001 243 01 01
spot2 2001 279 00 17 2001 279 01 08
------------------------------------------
