------------------------------------------------------
spot3 1993 288  0 17 1993 288  1 11
spot3 1993 341 23 38 1993 342  0 32
spot3 1994  48  0 14 1994  48  1  8
spot3 1994 124  0 53 1994 124  1 47
spot3 1994 173 23 50 1994 174  0 44
spot3 1994 342  0 59 1994 342  1 56
spot3 1995  32 12 45 1995  32 12 57
spot3 1995  34  1  3 1995  34  2  0
spot3 1995  36 20 37 1995  37  2  0
spot3 1995  82  0 40 1995  82  1 37
spot3 1995 159  1  0 1995 159  1 57
spot3 1995 183  5 35 1995 183 10 55
spot3 1995 201  0 52 1995 201  1 49
spot3 1995 212  0  0 1995 212 13 30
spot3 1995 353  0 29 1995 353  1 26
spot3 1996  38 10  0 1996  38 12  0
spot3 1996  51 23 58 1996  52  0 55
spot3 1996  88  0  6 1996  88  1  3
spot3 1996 148 22 14 1996 149  5 10
spot3 1996 200  0 51 1996 200  1 48
spot3 1996 254 12 50 1996 254 13 10
spot3 1996 256  1 16 1996 256  2  6
spot3 1996 311  0 17 1996 311  1 13
spot3 1996 314 12 40 1996 315  0 55
------------------------------------------------------
