SPOT4 1998 084 13 59 1998 084 14 53
SPOT4 1998 089 08 36 1998 089 09 32
SPOT4 1998 090 20 40 1998 090 21 37
SPOT4 1998 105 23 53 1998 106 00 44
SPOT4 1998 147 00 05 1998 147 00 56
SPOT4 1998 244 00 41 1998 244 01 32
SPOT4 1998 301 00 42 1998 301 01 36
SPOT4 1998 348 00 41 1998 348 01 32
SPOT4 1999 036 00 21 1999 036 01 12
SPOT4 1999 098 00 29 1999 098 01 20
SPOT4 1999 151 00 09 1999 151 01 00
SPOT4 1999 198 00 04 1999 198 00 55
SPOT4 1999 224 00 04 1999 224 00 55
SPOT4 1999 231 01 10 1999 231 02 01
SPOT4 1999 250 13 07 1999 250 13 31
SPOT4 1999 252 12 28 1999 252 12 52
SPOT4 1999 291 23 56 1999 292 00 47
SPOT4 1999 325 01 03 1999 325 01 54
SPOT4 1999 356 01 07 1999 356 01 58
SPOT4 2000 011 01 23 2000 011 02 14
SPOT4 2000 046 23 50 2000 047 00 41
SPOT4 2000 082 23 58 2000 083 00 49
SPOT4 2000 105 01 16 2000 105 02 07
SPOT4 2000 144 00 23 2000 144 01 16
SPOT4 2000 158 00 57 2000 158 01 47
SPOT4 2000 186 00 17 2000 186 01 08
SPOT4 2000 217 00 21 2000 217 01 12
SPOT4 2000 258 00 33 2000 258 01 24
SPOT4 2000 292 01 20 2000 292 02 11
SPOT4 2000 332 23 50 2000 333 00 41
SPOT4 2001 012 00 24 2001 012 01 15
SPOT4 2001 024 12 56 2001 024 13 21
SPOT4 2001 037 00 44 2001 037 01 35
SPOT4 2001 094 00 48 2001 094 01 39
SPOT4 2001 138 00 01 2001 138 00 52
SPOT4 2001 189 23 59 2001 190 00 52
SPOT4 2001 240 00 40 2001 240 01 31
SPOT4 2001 278 00 09 2001 278 01 00
SPOT4 2001 288 23 57 2001 289 00 48
SPOT4 2001 303 00 28 2001 303 01 19
SPOT4 2001 323 00 43 2001 323 01 35
SPOT4 2001 361 23 52 2001 362 00 43
SPOT4 2002 033 00 00 2002 033 00 51
SPOT4 2002 064 01 45 2002 064 02 36
SPOT4 2002 070 12 48 2002 070 13 18
SPOT4 2002 090 00 03 2002 090 00 54
SPOT4 2002 130 00 35 2002 130 01 26
SPOT4 2002 193 00 23 2002 193 01 14
SPOT4 2002 242 01 22 2002 242 02 13
SPOT4 2002 285 00 52 2002 285 01 46
SPOT4 2002 329 23 48 2002 330 00 39
SPOT4 2002 364 00 35 2002 364 01 26
SPOT4 2003 030 13 39 2003 030 14 09
SPOT4 2003 056 00 39 2003 056 01 30
SPOT4 2003 109 00 20 2003 109 01 11
SPOT4 2003 153 01 15 2003 153 02 06
SPOT4 2003 221 01 05 2003 221 01 59
SPOT4 2003 299 01 08 2003 299 01 59
