------------------------------------------
spot4 1998 084 14 03 1998 084 14 54
spot4 1998 089 08 42 1998 089 09 33
spot4 1998 090 20 45 1998 090 21 38
spot4 1998 105 23 54 1998 106 00 45
spot4 1998 147 00 06 1998 147 00 57
spot4 1998 244 00 41 1998 244 01 32
spot4 1998 301 00 45 1998 301 01 36
spot4 1998 348 00 41 1998 348 01 32
spot4 1999 036 00 22 1999 036 01 13
spot4 1999 098 00 29 1999 098 01 20
spot4 1999 151 00 09 1999 151 01 00
spot4 1999 198 00 05 1999 198 00 56
spot4 1999 224 00 05 1999 224 00 56
spot4 1999 231 01 11 1999 231 02 02
spot4 1999 250 13 19 1999 250 13 31
spot4 1999 252 12 40 1999 252 12 52
spot4 1999 291 23 57 1999 292 00 48
spot4 1999 325 01 04 1999 325 01 54
spot4 1999 356 01 08 1999 356 01 59
spot4 2000 011 01 24 2000 011 02 15
spot4 2000 046 23 50 2000 047 00 41
spot4 2000 082 23 58 2000 083 00 49
spot4 2000 105 01 16 2000 105 02 07
spot4 2000 144 00 26 2000 144 01 17
spot4 2000 158 00 57 2000 158 01 48
spot4 2000 186 00 18 2000 186 01 09
spot4 2000 217 00 22 2000 217 01 13
spot4 2000 258 00 34 2000 258 01 24
spot4 2000 292 01 20 2000 292 02 11
spot4 2000 332 23 50 2000 333 00 41
spot4 2001 012 00 25 2001 012 01 16
spot4 2001 024 13 08 2001 024 13 21
spot4 2001 037 00 45 2001 037 01 35
spot4 2001 094 00 49 2001 094 01 39
spot4 2001 138 00 02 2001 138 00 53
spot4 2001 190 00 02 2001 190 00 53
spot4 2001 240 00 41 2001 240 01 32
spot4 2001 278 00 09 2001 278 01 00
------------------------------------------
