------------------------------------------
spot4 1998  84 14  3 1998  84 14 54
spot4 1998  89  8 39 1998  89  9 33
spot4 1998  90 20 43 1998  90 21 38
spot4 1998 105 23 54 1998 106  0 45
spot4 1998 147  0  6 1998 147  0 57
spot4 1998 244  0 41 1998 244  1 32
spot4 1998 301  0 45 1998 301  1 36
spot4 1998 348  0 41 1998 348  1 32
spot4 1999  36  0 22 1999  36  1 13
spot4 1999  98  0 29 1999  98  1 20
spot4 1999 151  0  9 1999 151  1  0
spot4 1999 198  0  5 1999 198  0 56
spot4 1999 224  0  5 1999 224  0 56
spot4 1999 231  1 11 1999 231  2  2
spot4 1999 250 13 14 1999 250 13 31
spot4 1999 252 12 36 1999 252 12 52
spot4 1999 291 23 57 1999 292  0 48
spot4 1999 325  1  4 1999 325  1 54
spot4 1999 356  1  8 1999 356  1 59
spot4 2000  11  1 24 2000  11  2 15
spot4 2000  46 23 50 2000  47  0 41
spot4 2000  82 23 58 2000  83  0 49
spot4 2000 105  1 16 2000 105  2  7
spot4 2000 144  0 26 2000 144  1 17
spot4 2000 158  0 57 2000 158  1 48
spot4 2000 186  0 18 2000 186  1  9
spot4 2000 217  0 22 2000 217  1 13
spot4 2000 258  0 33 2000 258  1 24
spot4 2000 292  1 20 2000 292  2 11
spot4 2000 332 23 50 2000 333  0 41
------------------------------------------
