------------------------------------------
spot4 1998 105 23 54 1998 106  0 45
spot4 1998 147  0  6 1998 147  0 57
spot4 1998 244  0 41 1998 244  1 32
spot4 1998 348  0 41 1998 348  1 32
spot4 1999  36  0 22 1999  36  1 13
spot4 1999  98  0 29 1999  98  1 20
spot4 1999 151  0  9 1999 151  1  0
spot4 1999 198  0  5 1999 198  0 56
spot4 1999 224  0  5 1999 224  0 56
spot4 1999 231  1 11 1999 231  2  2
spot4 1999 291 23 57 1999 292  0 48
spot4 1999 325  1  4 1999 325  1 54
spot4 1999 356  1  8 1999 356  1 59
spot4 2000  11  1 24 2000  11  2 15
spot4 2000  46 23 50 2000  47  0 41
spot4 2000  82 23 58 2000  83  0 49
------------------------------------------
