SPOT5 2002 127 14 15 2002 127 16 00
SPOT5 2002 135 17 15 2002 135 19 00
SPOT5 2002 156 13 21 2002 156 14 15
SPOT5 2002 232 17 42 2002 232 18 35
SPOT5 2002 245 16 52 2002 245 17 45
SPOT5 2002 256 16 40 2002 256 17 33
SPOT5 2002 266 16 48 2002 266 17 41
SPOT5 2002 296 17 12 2002 296 18 05
SPOT5 2002 325 17 55 2002 325 18 48
SPOT5 2003 003 17 28 2003 003 18 21
SPOT5 2003 075 17 43 2003 075 18 37
SPOT5 2003 153 17 01 2003 153 18 46
SPOT5 2003 196 17 16 2003 196 18 09
SPOT5 2003 298 17 54 2003 298 18 47
SPOT5 2003 331 17 18 2003 331 18 12
SPOT5 2003 352 17 15 2003 352 18 08
SPOT5 2004 026 12 18 2004 026 13 13
SPOT5 2004 029 17 06 2004 029 17 59
SPOT5 2004 061 16 51 2004 061 17 44
SPOT5 2004 106 17 26 2004 106 18 19
SPOT5 2004 138 17 11 2004 138 18 04
SPOT5 2004 187 18 09 2004 187 19 03
SPOT5 2004 258 17 03 2004 258 17 56
SPOT5 2004 343 17 27 2004 343 19 13
SPOT5 2005 013 16 36 2005 013 17 29
SPOT5 2005 092 17 57 2005 092 18 50
SPOT5 2005 207 17 01 2005 207 18 47
SPOT5 2005 327 17 34 2005 327 18 27
SPOT5 2005 340 12 38 2005 340 13 33
SPOT5 2005 350 12 46 2005 350 13 40
SPOT5 2006 026 17 03 2006 026 17 56
SPOT5 2006 136 16 48 2006 136 17 41
SPOT5 2006 230 16 49 2006 230 18 34
SPOT5 2006 278 17 58 2006 278 18 51
SPOT5 2006 360 16 40 2006 360 17 33
SPOT5 2007 066 16 32 2007 066 18 18
SPOT5 2007 164 17 28 2007 164 18 22
SPOT5 2007 202 12 04 2007 202 12 06
SPOT5 2007 276 12 27 2007 276 13 22
SPOT5 2008 078 18 00 2008 078 18 54
SPOT5 2008 107 17 10 2008 107 18 56
SPOT5 2008 148 17 13 2008 148 18 06
SPOT5 2008 177 19 37 2008 177 20 30
SPOT5 2008 233 16 36 2008 233 17 29
SPOT5 2008 274 16 48 2008 274 17 41
SPOT5 2008 305 16 50 2008 305 17 43
SPOT5 2008 338 12 09 2008 338 13 04
SPOT5 2008 345 13 16 2008 345 14 10
