SPOT5 2002 127 14 15 2002 127 16 00 MCC 005 2 2002 127 14 31 26.000 03.7850000000000e+02 00.0000000000000e+00 03.1845800000000e+00 00.0000000000000e+00 00.0000000000000e+00 08.4136856010568e+03 00.0000000000000e+00 00.0000000000000e+00 00.0000000000000e+00 00.0000000000000e+00 2002 127 15 22 54.000 04.1390000000000e+02 00.0000000000000e+00 03.3165800000000e+00 00.0000000000000e+00 00.0000000000000e+00 08.0129983087702e+03 00.0000000000000e+00 00.0000000000000e+00 00.0000000000000e+00 00.0000000000000e+00
SPOT5 2002 135 17 15 2002 135 19 00 MCC 005 2 2002 135 18 02 49.000 02.6000000000000e+02 00.0000000000000e+00 02.0493800000000e+00 00.0000000000000e+00 00.0000000000000e+00 07.8822307692308e+03 00.0000000000000e+00 00.0000000000000e+00 00.0000000000000e+00 00.0000000000000e+00 2002 135 18 53 27.000 02.6740000000000e+02 00.0000000000000e+00 02.0493800000000e+00 00.0000000000000e+00 00.0000000000000e+00 07.6640987284966e+03 00.0000000000000e+00 00.0000000000000e+00 00.0000000000000e+00 00.0000000000000e+00
SPOT5 2002 156 13 21 2002 156 14 15 MCC 005 2 2002 156 13 23 11.000 03.0000000000000e+00 00.0000000000000e+00 02.0150000000000e-02 00.0000000000000e+00 00.0000000000000e+00 06.7166666666667e+03 00.0000000000000e+00 00.0000000000000e+00 00.0000000000000e+00 00.0000000000000e+00 2002 156 14 13 59.000 03.0000000000000e+00 00.0000000000000e+00 02.0150000000000e-02 00.0000000000000e+00 00.0000000000000e+00 06.7166666666667e+03 00.0000000000000e+00 00.0000000000000e+00 00.0000000000000e+00 00.0000000000000e+00
SPOT5 2002 232 17 42 2002 232 18 35 MCC 005 2 2002 232 17 44 08.000 05.0000000000000e+00 00.0000000000000e+00 02.7550000000000e-02 00.0000000000000e+00 00.0000000000000e+00 05.5100000000000e+03 00.0000000000000e+00 00.0000000000000e+00 00.0000000000000e+00 00.0000000000000e+00 2002 232 18 34 54.000 05.0000000000000e+00 00.0000000000000e+00 02.7550000000000e-02 00.0000000000000e+00 00.0000000000000e+00 05.5100000000000e+03 00.0000000000000e+00 00.0000000000000e+00 00.0000000000000e+00 00.0000000000000e+00
SPOT5 2002 245 16 52 2002 245 17 45 MCC 005 2 2002 245 16 53 45.000 03.0000000000000e+00 00.0000000000000e+00 -2.0840000000000e-02 00.0000000000000e+00 00.0000000000000e+00 -6.9466666666667e+03 00.0000000000000e+00 00.0000000000000e+00 00.0000000000000e+00 00.0000000000000e+00 2002 245 17 44 31.000 03.0000000000000e+00 00.0000000000000e+00 -2.0840000000000e-02 00.0000000000000e+00 00.0000000000000e+00 -6.9466666666667e+03 00.0000000000000e+00 00.0000000000000e+00 00.0000000000000e+00 00.0000000000000e+00
SPOT5 2002 256 16 40 2002 256 17 33 MCC 005 2 2002 256 16 41 59.000 05.0000000000000e+00 00.0000000000000e+00 03.3970000000000e-02 00.0000000000000e+00 00.0000000000000e+00 06.7940000000000e+03 00.0000000000000e+00 00.0000000000000e+00 00.0000000000000e+00 00.0000000000000e+00 2002 256 17 32 45.000 05.0000000000000e+00 00.0000000000000e+00 03.3970000000000e-02 00.0000000000000e+00 00.0000000000000e+00 06.7940000000000e+03 00.0000000000000e+00 00.0000000000000e+00 00.0000000000000e+00 00.0000000000000e+00
SPOT5 2002 266 16 48 2002 266 17 41 MCC 005 2 2002 266 16 50 03.000 02.0000000000000e+00 00.0000000000000e+00 -8.2700000000000e-03 00.0000000000000e+00 00.0000000000000e+00 -4.1350000000000e+03 00.0000000000000e+00 00.0000000000000e+00 00.0000000000000e+00 00.0000000000000e+00 2002 266 17 40 49.000 02.0000000000000e+00 00.0000000000000e+00 -8.2700000000000e-03 00.0000000000000e+00 00.0000000000000e+00 -4.1350000000000e+03 00.0000000000000e+00 00.0000000000000e+00 00.0000000000000e+00 00.0000000000000e+00
SPOT5 2002 296 17 12 2002 296 18 05 MCC 005 2 2002 296 17 13 32.000 04.0000000000000e+00 00.0000000000000e+00 02.4540000000000e-02 00.0000000000000e+00 00.0000000000000e+00 06.1350000000000e+03 00.0000000000000e+00 00.0000000000000e+00 00.0000000000000e+00 00.0000000000000e+00 2002 296 18 04 18.000 04.0000000000000e+00 00.0000000000000e+00 02.4540000000000e-02 00.0000000000000e+00 00.0000000000000e+00 06.1350000000000e+03 00.0000000000000e+00 00.0000000000000e+00 00.0000000000000e+00 00.0000000000000e+00
SPOT5 2002 325 17 55 2002 325 18 48 MCC 005 2 2002 325 17 56 38.000 03.0000000000000e+00 00.0000000000000e+00 02.1150000000000e-02 00.0000000000000e+00 00.0000000000000e+00 07.0500000000000e+03 00.0000000000000e+00 00.0000000000000e+00 00.0000000000000e+00 00.0000000000000e+00 2002 325 18 47 24.000 03.0000000000000e+00 00.0000000000000e+00 02.1150000000000e-02 00.0000000000000e+00 00.0000000000000e+00 07.0500000000000e+03 00.0000000000000e+00 00.0000000000000e+00 00.0000000000000e+00 00.0000000000000e+00
SPOT5 2003 003 17 28 2003 003 18 21 MCC 005 2 2003 003 17 29 31.000 03.0000000000000e+00 00.0000000000000e+00 02.0760000000000e-02 00.0000000000000e+00 00.0000000000000e+00 06.9200000000000e+03 00.0000000000000e+00 00.0000000000000e+00 00.0000000000000e+00 00.0000000000000e+00 2003 003 18 20 17.000 03.0000000000000e+00 00.0000000000000e+00 02.0760000000000e-02 00.0000000000000e+00 00.0000000000000e+00 06.9200000000000e+03 00.0000000000000e+00 00.0000000000000e+00 00.0000000000000e+00 00.0000000000000e+00
SPOT5 2003 075 17 43 2003 075 18 37 MCC 005 2 2003 075 17 45 15.000 03.0000000000000e+00 00.0000000000000e+00 01.9280000000000e-02 00.0000000000000e+00 00.0000000000000e+00 06.4266666666667e+03 00.0000000000000e+00 00.0000000000000e+00 00.0000000000000e+00 00.0000000000000e+00 2003 075 18 36 01.000 03.0000000000000e+00 00.0000000000000e+00 01.9280000000000e-02 00.0000000000000e+00 00.0000000000000e+00 06.4266666666667e+03 00.0000000000000e+00 00.0000000000000e+00 00.0000000000000e+00 00.0000000000000e+00
SPOT5 2003 153 17 01 2003 153 18 46 MCC 005 2 2003 153 17 45 01.000 01.9000000000000e+00 00.0000000000000e+00 01.4250000000000e-02 00.0000000000000e+00 00.0000000000000e+00 07.5000000000000e+03 00.0000000000000e+00 00.0000000000000e+00 00.0000000000000e+00 00.0000000000000e+00 2003 153 18 35 47.000 01.9000000000000e+00 00.0000000000000e+00 01.4250000000000e-02 00.0000000000000e+00 00.0000000000000e+00 07.5000000000000e+03 00.0000000000000e+00 00.0000000000000e+00 00.0000000000000e+00 00.0000000000000e+00
SPOT5 2003 196 17 16 2003 196 18 09 MCC 005 2 2003 196 17 17 31.000 02.0000000000000e+00 00.0000000000000e+00 01.0900000000000e-02 00.0000000000000e+00 00.0000000000000e+00 05.4500000000000e+03 00.0000000000000e+00 00.0000000000000e+00 00.0000000000000e+00 00.0000000000000e+00 2003 196 18 08 18.000 02.0000000000000e+00 00.0000000000000e+00 01.0900000000000e-02 00.0000000000000e+00 00.0000000000000e+00 05.4500000000000e+03 00.0000000000000e+00 00.0000000000000e+00 00.0000000000000e+00 00.0000000000000e+00
SPOT5 2003 298 17 54 2003 298 18 47 MCC 005 2 2003 298 17 55 51.000 03.0000000000000e+00 00.0000000000000e+00 01.7470000000000e-02 00.0000000000000e+00 00.0000000000000e+00 05.8233333333333e+03 00.0000000000000e+00 00.0000000000000e+00 00.0000000000000e+00 00.0000000000000e+00 2003 298 18 46 37.000 03.0000000000000e+00 00.0000000000000e+00 01.7470000000000e-02 00.0000000000000e+00 00.0000000000000e+00 05.8233333333333e+03 00.0000000000000e+00 00.0000000000000e+00 00.0000000000000e+00 00.0000000000000e+00
SPOT5 2003 331 17 18 2003 331 18 12 MCC 005 2 2003 331 17 20 23.000 03.0000000000000e+00 00.0000000000000e+00 01.6220000000000e-02 00.0000000000000e+00 00.0000000000000e+00 05.4066666666667e+03 00.0000000000000e+00 00.0000000000000e+00 00.0000000000000e+00 00.0000000000000e+00 2003 331 18 11 10.000 03.0000000000000e+00 00.0000000000000e+00 01.6220000000000e-02 00.0000000000000e+00 00.0000000000000e+00 05.4066666666667e+03 00.0000000000000e+00 00.0000000000000e+00 00.0000000000000e+00 00.0000000000000e+00
SPOT5 2003 352 17 15 2003 352 18 08 MCC 005 2 2003 352 17 16 26.000 01.0000000000000e+00 00.0000000000000e+00 -3.8700000000000e-03 00.0000000000000e+00 00.0000000000000e+00 -3.8700000000000e+03 00.0000000000000e+00 00.0000000000000e+00 00.0000000000000e+00 00.0000000000000e+00 2003 352 18 07 12.000 01.0000000000000e+00 00.0000000000000e+00 -3.8700000000000e-03 00.0000000000000e+00 00.0000000000000e+00 -3.8700000000000e+03 00.0000000000000e+00 00.0000000000000e+00 00.0000000000000e+00 00.0000000000000e+00
SPOT5 2004 026 12 18 2004 026 13 13 MCO 005 1 2004 026 12 44 59.000 01.0773000000000e+03 07.1421100000000e+00 00.0000000000000e+00 00.0000000000000e+00 06.6296389120951e+03 00.0000000000000e+00 00.0000000000000e+00 00.0000000000000e+00 00.0000000000000e+00 00.0000000000000e+00
SPOT5 2004 029 17 06 2004 029 17 59 MCC 005 2 2004 029 17 08 01.000 06.0000000000000e+00 00.0000000000000e+00 03.8460000000000e-02 00.0000000000000e+00 00.0000000000000e+00 06.4100000000000e+03 00.0000000000000e+00 00.0000000000000e+00 00.0000000000000e+00 00.0000000000000e+00 2004 029 17 58 47.000 06.0000000000000e+00 00.0000000000000e+00 03.8460000000000e-02 00.0000000000000e+00 00.0000000000000e+00 06.4100000000000e+03 00.0000000000000e+00 00.0000000000000e+00 00.0000000000000e+00 00.0000000000000e+00
SPOT5 2004 061 16 51 2004 061 17 44 MCC 005 2 2004 061 16 52 52.000 01.0000000000000e+00 00.0000000000000e+00 -5.1700000000000e-03 00.0000000000000e+00 00.0000000000000e+00 -5.1700000000000e+03 00.0000000000000e+00 00.0000000000000e+00 00.0000000000000e+00 00.0000000000000e+00 2004 061 17 43 38.000 01.0000000000000e+00 00.0000000000000e+00 -5.1700000000000e-03 00.0000000000000e+00 00.0000000000000e+00 -5.1700000000000e+03 00.0000000000000e+00 00.0000000000000e+00 00.0000000000000e+00 00.0000000000000e+00
SPOT5 2004 106 17 26 2004 106 18 19 MCC 005 2 2004 106 17 28 03.000 03.0000000000000e+00 00.0000000000000e+00 01.4580000000000e-02 00.0000000000000e+00 00.0000000000000e+00 04.8600000000000e+03 00.0000000000000e+00 00.0000000000000e+00 00.0000000000000e+00 00.0000000000000e+00 2004 106 18 18 49.000 03.0000000000000e+00 00.0000000000000e+00 01.4580000000000e-02 00.0000000000000e+00 00.0000000000000e+00 04.8600000000000e+03 00.0000000000000e+00 00.0000000000000e+00 00.0000000000000e+00 00.0000000000000e+00
SPOT5 2004 138 17 11 2004 138 18 04 MCC 005 2 2004 138 17 12 47.000 01.0000000000000e+00 00.0000000000000e+00 -5.1700000000000e-03 00.0000000000000e+00 00.0000000000000e+00 -5.1700000000000e+03 00.0000000000000e+00 00.0000000000000e+00 00.0000000000000e+00 00.0000000000000e+00 2004 138 18 03 33.000 01.0000000000000e+00 00.0000000000000e+00 -5.1700000000000e-03 00.0000000000000e+00 00.0000000000000e+00 -5.1700000000000e+03 00.0000000000000e+00 00.0000000000000e+00 00.0000000000000e+00 00.0000000000000e+00
SPOT5 2004 187 18 09 2004 187 19 03 MCC 005 2 2004 187 18 11 18.000 02.0000000000000e+00 -0.0000000000000e+00 09.1700000000000e-03 00.0000000000000e+00 -0.0000000000000e+00 04.5850000000000e+03 00.0000000000000e+00 00.0000000000000e+00 00.0000000000000e+00 00.0000000000000e+00 2004 187 19 02 04.000 02.0000000000000e+00 -0.0000000000000e+00 09.1700000000000e-03 00.0000000000000e+00 -0.0000000000000e+00 04.5850000000000e+03 00.0000000000000e+00 00.0000000000000e+00 00.0000000000000e+00 00.0000000000000e+00
SPOT5 2004 258 17 03 2004 258 17 56 MCC 005 2 2004 258 17 05 06.000 02.0000000000000e+00 -0.0000000000000e+00 07.1900000000000e-03 00.0000000000000e+00 -0.0000000000000e+00 03.5950000000000e+03 00.0000000000000e+00 00.0000000000000e+00 00.0000000000000e+00 00.0000000000000e+00 2004 258 17 55 53.000 02.0000000000000e+00 -0.0000000000000e+00 07.1900000000000e-03 00.0000000000000e+00 -0.0000000000000e+00 03.5950000000000e+03 00.0000000000000e+00 00.0000000000000e+00 00.0000000000000e+00 00.0000000000000e+00
SPOT5 2004 343 17 27 2004 343 19 13 MCO 005 2 2004 343 18 11 16.000 02.1000000000000e+00 -0.0000000000000e+00 01.3920000000000e-02 00.0000000000000e+00 -0.0000000000000e+00 06.6285714285714e+03 00.0000000000000e+00 00.0000000000000e+00 00.0000000000000e+00 00.0000000000000e+00 2004 343 19 02 02.000 02.1000000000000e+00 -0.0000000000000e+00 01.3920000000000e-02 00.0000000000000e+00 -0.0000000000000e+00 06.6285714285714e+03 00.0000000000000e+00 00.0000000000000e+00 00.0000000000000e+00 00.0000000000000e+00
SPOT5 2005 013 16 36 2005 013 17 29 MCC 005 2 2005 013 16 37 39.000 01.0000000000000e+00 00.0000000000000e+00 -2.8400000000000e-03 -0.0000000000000e+00 00.0000000000000e+00 -2.8400000000000e+03 -0.0000000000000e+00 00.0000000000000e+00 00.0000000000000e+00 00.0000000000000e+00 2005 013 17 28 25.000 01.0000000000000e+00 00.0000000000000e+00 -2.8400000000000e-03 -0.0000000000000e+00 00.0000000000000e+00 -2.8400000000000e+03 -0.0000000000000e+00 00.0000000000000e+00 00.0000000000000e+00 00.0000000000000e+00
SPOT5 2005 092 17 57 2005 092 18 50 MCC 005 2 2005 092 17 58 43.000 02.0000000000000e+00 -0.0000000000000e+00 09.9700000000000e-03 00.0000000000000e+00 -0.0000000000000e+00 04.9850000000000e+03 00.0000000000000e+00 00.0000000000000e+00 00.0000000000000e+00 00.0000000000000e+00 2005 092 18 49 30.000 02.0000000000000e+00 -0.0000000000000e+00 09.9700000000000e-03 00.0000000000000e+00 -0.0000000000000e+00 04.9850000000000e+03 00.0000000000000e+00 00.0000000000000e+00 00.0000000000000e+00 00.0000000000000e+00
SPOT5 2005 207 17 01 2005 207 18 47 MCO 005 2 2005 207 17 45 32.000 01.3000000000000e+00 -0.0000000000000e+00 08.6600000000000e-03 00.0000000000000e+00 -0.0000000000000e+00 06.6615384615385e+03 00.0000000000000e+00 00.0000000000000e+00 00.0000000000000e+00 00.0000000000000e+00 2005 207 18 36 18.000 01.3000000000000e+00 -0.0000000000000e+00 08.6600000000000e-03 00.0000000000000e+00 -0.0000000000000e+00 06.6615384615385e+03 00.0000000000000e+00 00.0000000000000e+00 00.0000000000000e+00 00.0000000000000e+00
SPOT5 2005 327 17 34 2005 327 18 27 MCC 005 2 2005 327 17 35 43.273 01.0000000000000e+00 -0.0000000000000e+00 05.1700000000000e-03 00.0000000000000e+00 -0.0000000000000e+00 05.1700000000000e+03 00.0000000000000e+00 00.0000000000000e+00 00.0000000000000e+00 00.0000000000000e+00 2005 327 18 26 29.445 01.0000000000000e+00 -0.0000000000000e+00 05.1700000000000e-03 00.0000000000000e+00 -0.0000000000000e+00 05.1700000000000e+03 00.0000000000000e+00 00.0000000000000e+00 00.0000000000000e+00 00.0000000000000e+00
SPOT5 2005 340 12 38 2005 340 13 33 MCO 005 1 2005 340 13 04 34.195 09.4830000000000e+02 05.8435400000000e+00 03.3870000000000e-02 -0.0000000000000e+00 06.1621216914479e+03 03.5716545397026e+01 -0.0000000000000e+00 00.0000000000000e+00 00.0000000000000e+00 00.0000000000000e+00
SPOT5 2005 350 12 46 2005 350 13 40 MCO 005 1 2005 350 13 12 18.346 06.0780000000000e+02 03.6359800000000e+00 04.3030000000000e-02 -0.0000000000000e+00 05.9821980914775e+03 07.0796314577164e+01 -0.0000000000000e+00 00.0000000000000e+00 00.0000000000000e+00 00.0000000000000e+00
SPOT5 2006 026 17 03 2006 026 17 56 MCC 005 2 2006 026 17 04 49.099 01.0000000000000e+00 00.0000000000000e+00 -3.8700000000000e-03 -0.0000000000000e+00 00.0000000000000e+00 -3.8700000000000e+03 -0.0000000000000e+00 00.0000000000000e+00 00.0000000000000e+00 00.0000000000000e+00 2006 026 17 55 35.055 01.0000000000000e+00 00.0000000000000e+00 -3.8700000000000e-03 -0.0000000000000e+00 00.0000000000000e+00 -3.8700000000000e+03 -0.0000000000000e+00 00.0000000000000e+00 00.0000000000000e+00 00.0000000000000e+00
SPOT5 2006 136 16 48 2006 136 17 41 MCC 005 2 2006 136 16 49 35.827 02.0000000000000e+00 -0.0000000000000e+00 07.4900000000000e-03 00.0000000000000e+00 -0.0000000000000e+00 03.7450000000000e+03 00.0000000000000e+00 00.0000000000000e+00 00.0000000000000e+00 00.0000000000000e+00 2006 136 17 40 22.010 02.0000000000000e+00 -0.0000000000000e+00 07.4900000000000e-03 00.0000000000000e+00 -0.0000000000000e+00 03.7450000000000e+03 00.0000000000000e+00 00.0000000000000e+00 00.0000000000000e+00 00.0000000000000e+00
SPOT5 2006 230 16 49 2006 230 18 34 MCO 005 2 2006 230 16 58 15.896 09.0000000000000e-01 -0.0000000000000e+00 04.9100000000000e-03 00.0000000000000e+00 -0.0000000000000e+00 05.4555555555556e+03 00.0000000000000e+00 00.0000000000000e+00 00.0000000000000e+00 00.0000000000000e+00 2006 230 17 48 57.962 09.0000000000000e-01 -0.0000000000000e+00 04.9100000000000e-03 00.0000000000000e+00 -0.0000000000000e+00 05.4555555555556e+03 00.0000000000000e+00 00.0000000000000e+00 00.0000000000000e+00 00.0000000000000e+00
SPOT5 2006 278 17 58 2006 278 18 51 MCC 005 2 2006 278 18 00 11.583 01.0000000000000e+00 00.0000000000000e+00 -3.6200000000000e-03 -0.0000000000000e+00 00.0000000000000e+00 -3.6200000000000e+03 -0.0000000000000e+00 00.0000000000000e+00 00.0000000000000e+00 00.0000000000000e+00 2006 278 18 50 57.570 01.0000000000000e+00 00.0000000000000e+00 -3.6200000000000e-03 -0.0000000000000e+00 00.0000000000000e+00 -3.6200000000000e+03 -0.0000000000000e+00 00.0000000000000e+00 00.0000000000000e+00 00.0000000000000e+00
SPOT5 2006 360 16 40 2006 360 17 33 MCC 005 2 2006 360 16 41 35.061 02.0000000000000e+00 -0.0000000000000e+00 07.6100000000000e-03 00.0000000000000e+00 -0.0000000000000e+00 03.8050000000000e+03 00.0000000000000e+00 00.0000000000000e+00 00.0000000000000e+00 00.0000000000000e+00 2006 360 17 32 21.395 02.0000000000000e+00 -0.0000000000000e+00 07.6100000000000e-03 00.0000000000000e+00 -0.0000000000000e+00 03.8050000000000e+03 00.0000000000000e+00 00.0000000000000e+00 00.0000000000000e+00 00.0000000000000e+00
SPOT5 2007 066 16 32 2007 066 18 18 MCO 005 2 2007 066 17 16 18.081 05.0000000000000e-01 00.0000000000000e+00 -3.1000000000000e-03 -0.0000000000000e+00 00.0000000000000e+00 -6.2000000000000e+03 -0.0000000000000e+00 00.0000000000000e+00 00.0000000000000e+00 00.0000000000000e+00 2007 066 18 07 04.188 05.0000000000000e-01 00.0000000000000e+00 -3.1000000000000e-03 -0.0000000000000e+00 00.0000000000000e+00 -6.2000000000000e+03 -0.0000000000000e+00 00.0000000000000e+00 00.0000000000000e+00 00.0000000000000e+00
SPOT5 2007 164 17 28 2007 164 18 22 MCC 005 2 2007 164 17 30 21.720 02.0000000000000e+00 -0.0000000000000e+00 07.7500000000000e-03 00.0000000000000e+00 -0.0000000000000e+00 03.8750000000000e+03 00.0000000000000e+00 00.0000000000000e+00 00.0000000000000e+00 00.0000000000000e+00 2007 164 18 21 07.855 02.0000000000000e+00 -0.0000000000000e+00 07.7500000000000e-03 00.0000000000000e+00 -0.0000000000000e+00 03.8750000000000e+03 00.0000000000000e+00 00.0000000000000e+00 00.0000000000000e+00 00.0000000000000e+00
SPOT5 2007 202 12 04 2007 202 12 06 MCC 005 1 2007 202 12 05 33.000 01.0000000000000e+00 00.0000000000000e+00 -3.6200000000000e-03 -0.0000000000000e+00 00.0000000000000e+00 -3.6200000000000e+03 -0.0000000000000e+00 00.0000000000000e+00 00.0000000000000e+00 00.0000000000000e+00
SPOT5 2007 276 12 27 2007 276 13 22 MCO 005 1 2007 276 12 53 45.133 08.7240000000000e+02 04.9345400000000e+00 03.1950000000000e-02 -0.0000000000000e+00 05.6562815222375e+03 03.6623108665750e+01 -0.0000000000000e+00 00.0000000000000e+00 00.0000000000000e+00 00.0000000000000e+00
SPOT5 2008 078 18 00 2008 078 18 54 MCC 005 2 2008 078 18 02 23.948 02.0000000000000e+00 -0.0000000000000e+00 09.6800000000000e-03 00.0000000000000e+00 -0.0000000000000e+00 04.8400000000000e+03 00.0000000000000e+00 00.0000000000000e+00 00.0000000000000e+00 00.0000000000000e+00 2008 078 18 53 09.924 02.0000000000000e+00 -0.0000000000000e+00 09.6800000000000e-03 00.0000000000000e+00 -0.0000000000000e+00 04.8400000000000e+03 00.0000000000000e+00 00.0000000000000e+00 00.0000000000000e+00 00.0000000000000e+00
SPOT5 2008 107 17 10 2008 107 18 56 MCO 005 2 2008 107 17 25 33.000 09.0000000000000e-01 00.0000000000000e+00 -5.1700000000000e-03 -0.0000000000000e+00 00.0000000000000e+00 -5.7444444444444e+03 -0.0000000000000e+00 00.0000000000000e+00 00.0000000000000e+00 00.0000000000000e+00 2008 107 18 16 13.882 09.0000000000000e-01 00.0000000000000e+00 -5.1700000000000e-03 -0.0000000000000e+00 00.0000000000000e+00 -5.7444444444444e+03 -0.0000000000000e+00 00.0000000000000e+00 00.0000000000000e+00 00.0000000000000e+00
SPOT5 2008 148 17 13 2008 148 18 06 MCC 005 2 2008 148 17 14 32.976 03.0000000000000e+00 -0.0000000000000e+00 01.2130000000000e-02 00.0000000000000e+00 -0.0000000000000e+00 04.0433333333333e+03 00.0000000000000e+00 00.0000000000000e+00 00.0000000000000e+00 00.0000000000000e+00 2008 148 18 05 19.413 03.0000000000000e+00 -0.0000000000000e+00 01.2130000000000e-02 00.0000000000000e+00 -0.0000000000000e+00 04.0433333333333e+03 00.0000000000000e+00 00.0000000000000e+00 00.0000000000000e+00 00.0000000000000e+00
SPOT5 2008 177 19 37 2008 177 20 30 MCC 005 2 2008 177 19 38 39.322 01.0000000000000e+00 00.0000000000000e+00 -3.8700000000000e-03 -0.0000000000000e+00 00.0000000000000e+00 -3.8700000000000e+03 -0.0000000000000e+00 00.0000000000000e+00 00.0000000000000e+00 00.0000000000000e+00 2008 177 20 29 25.454 01.0000000000000e+00 00.0000000000000e+00 -3.8700000000000e-03 -0.0000000000000e+00 00.0000000000000e+00 -3.8700000000000e+03 -0.0000000000000e+00 00.0000000000000e+00 00.0000000000000e+00 00.0000000000000e+00
SPOT5 2008 233 16 36 2008 233 17 29 MCC 005 2 2008 233 16 38 01.546 02.0000000000000e+00 -0.0000000000000e+00 08.1000000000000e-03 00.0000000000000e+00 -0.0000000000000e+00 04.0500000000000e+03 00.0000000000000e+00 00.0000000000000e+00 00.0000000000000e+00 00.0000000000000e+00 2008 233 17 28 47.852 02.0000000000000e+00 -0.0000000000000e+00 08.1000000000000e-03 00.0000000000000e+00 -0.0000000000000e+00 04.0500000000000e+03 00.0000000000000e+00 00.0000000000000e+00 00.0000000000000e+00 00.0000000000000e+00
SPOT5 2008 274 16 48 2008 274 17 41 MCC 005 2 2008 274 16 49 33.000 01.0000000000000e+00 00.0000000000000e+00 -3.1000000000000e-03 -0.0000000000000e+00 00.0000000000000e+00 -3.1000000000000e+03 -0.0000000000000e+00 00.0000000000000e+00 00.0000000000000e+00 00.0000000000000e+00 2008 274 17 40 19.146 01.0000000000000e+00 00.0000000000000e+00 -3.1000000000000e-03 -0.0000000000000e+00 00.0000000000000e+00 -3.1000000000000e+03 -0.0000000000000e+00 00.0000000000000e+00 00.0000000000000e+00 00.0000000000000e+00
SPOT5 2008 305 16 50 2008 305 17 43 MCC 005 2 2008 305 16 52 09.913 02.0000000000000e+00 -0.0000000000000e+00 06.9700000000000e-03 00.0000000000000e+00 -0.0000000000000e+00 03.4850000000000e+03 00.0000000000000e+00 00.0000000000000e+00 00.0000000000000e+00 00.0000000000000e+00 2008 305 17 42 56.109 02.0000000000000e+00 -0.0000000000000e+00 06.9700000000000e-03 00.0000000000000e+00 -0.0000000000000e+00 03.4850000000000e+03 00.0000000000000e+00 00.0000000000000e+00 00.0000000000000e+00 00.0000000000000e+00
SPOT5 2008 338 12 09 2008 338 13 04 MCO 005 1 2008 338 12 36 08.743 01.2636000000000e+03 06.4928200000000e+00 04.2630000000000e-02 -0.0000000000000e+00 05.1383507439063e+03 03.3736942070275e+01 -0.0000000000000e+00 00.0000000000000e+00 00.0000000000000e+00 00.0000000000000e+00
SPOT5 2008 345 13 16 2008 345 14 10 MCO 005 1 2008 345 13 42 31.526 01.1799000000000e+03 05.8435400000000e+00 02.3540000000000e-02 -0.0000000000000e+00 04.9525722518858e+03 01.9950843291804e+01 -0.0000000000000e+00 00.0000000000000e+00 00.0000000000000e+00 00.0000000000000e+00
SPOT5 2008 352 12 41 2008 352 13 35 MCO 005 1 2008 352 13 07 31.251 09.3840000000000e+02 04.5449800000000e+00 03.7360000000000e-02 -0.0000000000000e+00 04.8433290707587e+03 03.9812446717818e+01 -0.0000000000000e+00 00.0000000000000e+00 00.0000000000000e+00 00.0000000000000e+00
SPOT5 2009 116 16 50 2009 116 17 43 MCC 005 2 2009 116 16 51 28.676 02.0000000000000e+00 -0.0000000000000e+00 07.2900000000000e-03 00.0000000000000e+00 -0.0000000000000e+00 03.6450000000000e+03 00.0000000000000e+00 00.0000000000000e+00 00.0000000000000e+00 00.0000000000000e+00 2009 116 17 42 14.714 02.0000000000000e+00 -0.0000000000000e+00 07.2900000000000e-03 00.0000000000000e+00 -0.0000000000000e+00 03.6450000000000e+03 00.0000000000000e+00 00.0000000000000e+00 00.0000000000000e+00 00.0000000000000e+00
SPOT5 2009 168 16 09 2009 168 17 54 MCO 005 2 2009 168 16 52 47.829 01.0000000000000e+00 -0.0000000000000e+00 04.8600000000000e-03 00.0000000000000e+00 -0.0000000000000e+00 04.8600000000000e+03 00.0000000000000e+00 00.0000000000000e+00 00.0000000000000e+00 00.0000000000000e+00 2009 168 17 43 33.695 01.0000000000000e+00 -0.0000000000000e+00 04.8600000000000e-03 00.0000000000000e+00 -0.0000000000000e+00 04.8600000000000e+03 00.0000000000000e+00 00.0000000000000e+00 00.0000000000000e+00 00.0000000000000e+00
SPOT5 2009 254 17 40 2009 254 18 33 MCC 005 2 2009 254 17 41 29.736 02.0000000000000e+00 -0.0000000000000e+00 07.5700000000000e-03 00.0000000000000e+00 -0.0000000000000e+00 03.7850000000000e+03 00.0000000000000e+00 00.0000000000000e+00 00.0000000000000e+00 00.0000000000000e+00 2009 254 18 32 15.746 02.0000000000000e+00 -0.0000000000000e+00 07.5700000000000e-03 00.0000000000000e+00 -0.0000000000000e+00 03.7850000000000e+03 00.0000000000000e+00 00.0000000000000e+00 00.0000000000000e+00 00.0000000000000e+00
SPOT5 2009 282 17 01 2009 282 17 54 MCC 005 2 2009 282 17 03 08.094 01.0000000000000e+00 00.0000000000000e+00 -2.6300000000000e-03 -0.0000000000000e+00 00.0000000000000e+00 -2.6300000000000e+03 -0.0000000000000e+00 00.0000000000000e+00 00.0000000000000e+00 00.0000000000000e+00 2009 282 17 53 54.028 01.0000000000000e+00 00.0000000000000e+00 -2.6300000000000e-03 -0.0000000000000e+00 00.0000000000000e+00 -2.6300000000000e+03 -0.0000000000000e+00 00.0000000000000e+00 00.0000000000000e+00 00.0000000000000e+00
SPOT5 2009 340 16 46 2009 340 17 40 MCC 005 2 2009 340 16 48 21.752 03.0000000000000e+00 -0.0000000000000e+00 01.1290000000000e-02 00.0000000000000e+00 -0.0000000000000e+00 03.7633333333333e+03 00.0000000000000e+00 00.0000000000000e+00 00.0000000000000e+00 00.0000000000000e+00 2009 340 17 39 07.716 03.0000000000000e+00 -0.0000000000000e+00 01.1290000000000e-02 00.0000000000000e+00 -0.0000000000000e+00 03.7633333333333e+03 00.0000000000000e+00 00.0000000000000e+00 00.0000000000000e+00 00.0000000000000e+00
SPOT5 2010 004 17 29 2010 004 18 22 MCC 005 2 2010 004 17 30 34.000 01.0000000000000e+00 00.0000000000000e+00 -3.7200000000000e-03 -0.0000000000000e+00 00.0000000000000e+00 -3.7200000000000e+03 -0.0000000000000e+00 00.0000000000000e+00 00.0000000000000e+00 00.0000000000000e+00 2010 004 18 21 19.991 01.0000000000000e+00 00.0000000000000e+00 -3.7200000000000e-03 -0.0000000000000e+00 00.0000000000000e+00 -3.7200000000000e+03 -0.0000000000000e+00 00.0000000000000e+00 00.0000000000000e+00 00.0000000000000e+00
SPOT5 2010 086 17 54 2010 086 18 47 MCC 005 2 2010 086 17 56 02.187 03.0000000000000e+00 -0.0000000000000e+00 01.1860000000000e-02 00.0000000000000e+00 -0.0000000000000e+00 03.9533333333333e+03 00.0000000000000e+00 00.0000000000000e+00 00.0000000000000e+00 00.0000000000000e+00 2010 086 18 46 48.111 03.0000000000000e+00 -0.0000000000000e+00 01.1860000000000e-02 00.0000000000000e+00 -0.0000000000000e+00 03.9533333333333e+03 00.0000000000000e+00 00.0000000000000e+00 00.0000000000000e+00 00.0000000000000e+00
