SARAL 2013 058 13 14 2013 058 13 19     006 1 2013 058 13 17 06.000 03.2200000000000e+02 00.0000000000000e+00 00.0000000000000e+00 07.0090000000000e+00 00.0000000000000e+00 00.0000000000000e+00 02.1767080745342e+04 00.0000000000000e+00 00.0000000000000e+00 00.0000000000000e+00
SARAL 2013 058 14 58 2013 058 15 04     006 1 2013 058 15 01 12.000 03.6600000000000e+02 00.0000000000000e+00 00.0000000000000e+00 07.2330000000000e+00 00.0000000000000e+00 00.0000000000000e+00 01.9762295081967e+04 00.0000000000000e+00 00.0000000000000e+00 00.0000000000000e+00
SARAL 2013 060 15 51 2013 060 15 53     006 1 2013 060 15 52 15.500 01.1100000000000e+02 00.0000000000000e+00 -1.1400000000000e+00 00.0000000000000e+00 00.0000000000000e+00 -1.0270270270270e+04 00.0000000000000e+00 00.0000000000000e+00 00.0000000000000e+00 00.0000000000000e+00
SARAL 2013 061 06 03 2013 061 06 05     006 1 2013 061 06 04 38.500 01.0700000000000e+02 00.0000000000000e+00 01.1000000000000e+00 00.0000000000000e+00 00.0000000000000e+00 01.0280373831776e+04 00.0000000000000e+00 00.0000000000000e+00 00.0000000000000e+00 00.0000000000000e+00
SARAL 2013 062 02 10 2013 062 02 12     006 1 2013 062 02 11 04.500 01.1100000000000e+02 00.0000000000000e+00 01.0790000000000e+00 00.0000000000000e+00 00.0000000000000e+00 09.7207207207207e+03 00.0000000000000e+00 00.0000000000000e+00 00.0000000000000e+00 00.0000000000000e+00
SARAL 2013 064 01 05 2013 064 01 06     006 1 2013 064 01 06 17.000 06.2000000000000e+01 00.0000000000000e+00 05.7900000000000e-01 00.0000000000000e+00 00.0000000000000e+00 09.3387096774194e+03 00.0000000000000e+00 00.0000000000000e+00 00.0000000000000e+00 00.0000000000000e+00
SARAL 2013 072 00 03 2013 072 00 04     006 1 2013 072 00 03 58.500 04.9000000000000e+01 00.0000000000000e+00 04.6611000000000e-01 00.0000000000000e+00 00.0000000000000e+00 09.5124489795918e+03 00.0000000000000e+00 00.0000000000000e+00 00.0000000000000e+00 00.0000000000000e+00
SARAL 2013 082 12 14 2013 082 12 14     006 1 2013 082 12 14 28.736 02.0000000000000e+00 00.0000000000000e+00 -1.6748000000000e-02 00.0000000000000e+00 00.0000000000000e+00 -8.3740000000000e+03 00.0000000000000e+00 00.0000000000000e+00 00.0000000000000e+00 00.0000000000000e+00
SARAL 2013 103 12 54 2013 103 12 54     006 1 2013 103 12 54 28.008 01.0000000000000e+00 00.0000000000000e+00 01.4581000000000e-02 00.0000000000000e+00 00.0000000000000e+00 01.4581000000000e+04 00.0000000000000e+00 00.0000000000000e+00 00.0000000000000e+00 00.0000000000000e+00
SARAL 2013 135 12 48 2013 135 12 48     006 1 2013 135 12 48 24.975 02.0000000000000e+00 00.0000000000000e+00 01.2228000000000e-02 00.0000000000000e+00 00.0000000000000e+00 06.1140000000000e+03 00.0000000000000e+00 00.0000000000000e+00 00.0000000000000e+00 00.0000000000000e+00
SARAL 2013 158 12 25 2013 158 12 25     006 1 2013 158 12 25 11.949 01.0000000000000e+00 00.0000000000000e+00 01.1423000000000e-02 00.0000000000000e+00 00.0000000000000e+00 01.1423000000000e+04 00.0000000000000e+00 00.0000000000000e+00 00.0000000000000e+00 00.0000000000000e+00
SARAL 2013 175 13 31 2013 175 13 31     006 1 2013 175 13 31 11.901 05.4200000000000e-01 00.0000000000000e+00 -5.1980000000000e-03 00.0000000000000e+00 00.0000000000000e+00 -9.5904059040590e+03 00.0000000000000e+00 00.0000000000000e+00 00.0000000000000e+00 00.0000000000000e+00
SARAL 2013 195 14 42 2013 195 14 42     006 1 2013 195 14 42 45.500 03.0000000000000e+00 00.0000000000000e+00 01.5235000000000e-02 00.0000000000000e+00 00.0000000000000e+00 05.0783333333333e+03 00.0000000000000e+00 00.0000000000000e+00 00.0000000000000e+00 00.0000000000000e+00
SARAL 2013 210 00 54 2013 210 00 58     006 1 2013 210 00 56 25.558 02.3920600000000e+02 00.0000000000000e+00 01.7200000000000e-02 03.1553000000000e+00 00.0000000000000e+00 07.1904550889192e+01 01.3190722640736e+04 00.0000000000000e+00 00.0000000000000e+00 00.0000000000000e+00
SARAL 2013 212 14 08 2013 212 14 08     006 1 2013 212 14 08 06.733 07.0000000000000e+00 00.0000000000000e+00 06.3070000000000e-02 00.0000000000000e+00 00.0000000000000e+00 09.0100000000000e+03 00.0000000000000e+00 00.0000000000000e+00 00.0000000000000e+00 00.0000000000000e+00
SARAL 2013 219 13 48 2013 219 13 48     006 1 2013 219 13 48 07.500 03.0000000000000e+00 00.0000000000000e+00 -2.0994000000000e-02 00.0000000000000e+00 00.0000000000000e+00 -6.9980000000000e+03 00.0000000000000e+00 00.0000000000000e+00 00.0000000000000e+00 00.0000000000000e+00
SARAL 2013 238 13 51 2013 238 13 51     006 1 2013 238 13 51 03.735 02.0000000000000e+00 00.0000000000000e+00 01.4701000000000e-02 00.0000000000000e+00 00.0000000000000e+00 07.3505000000000e+03 00.0000000000000e+00 00.0000000000000e+00 00.0000000000000e+00 00.0000000000000e+00
SARAL 2013 276 13 56 2013 276 13 57     006 1 2013 276 13 57 03.254 09.8000000000000e+01 00.0000000000000e+00 00.0000000000000e+00 09.0800000000000e-01 00.0000000000000e+00 00.0000000000000e+00 09.2653061224490e+03 00.0000000000000e+00 00.0000000000000e+00 00.0000000000000e+00
SARAL 2013 280 13 30 2013 280 13 32     006 1 2013 280 13 31 10.048 01.0000000000000e+02 00.0000000000000e+00 00.0000000000000e+00 09.0800000000000e-01 00.0000000000000e+00 00.0000000000000e+00 09.0800000000000e+03 00.0000000000000e+00 00.0000000000000e+00 00.0000000000000e+00
SARAL 2013 282 14 08 2013 282 14 08     006 1 2013 282 14 08 29.792 05.0000000000000e+00 00.0000000000000e+00 04.7592000000000e-02 00.0000000000000e+00 00.0000000000000e+00 09.5184000000000e+03 00.0000000000000e+00 00.0000000000000e+00 00.0000000000000e+00 00.0000000000000e+00
SARAL 2013 301 14 11 2013 301 14 11     006 1 2013 301 14 11 24.958 04.0800000000000e-01 00.0000000000000e+00 02.4800000000000e-03 00.0000000000000e+00 00.0000000000000e+00 06.0784313725490e+03 00.0000000000000e+00 00.0000000000000e+00 00.0000000000000e+00 00.0000000000000e+00
SARAL 2013 311 13 57 2013 311 13 57     006 1 2013 311 13 57 02.286 01.0080000000000e+00 00.0000000000000e+00 08.6330000000000e-03 00.0000000000000e+00 00.0000000000000e+00 08.5644841269841e+03 00.0000000000000e+00 00.0000000000000e+00 00.0000000000000e+00 00.0000000000000e+00
SARAL 2013 329 14 31 2013 329 14 31     006 1 2013 329 14 31 30.434 01.3260000000000e+00 00.0000000000000e+00 01.0233000000000e-02 00.0000000000000e+00 00.0000000000000e+00 07.7171945701357e+03 00.0000000000000e+00 00.0000000000000e+00 00.0000000000000e+00 00.0000000000000e+00
SARAL 2013 346 13 56 2013 346 13 57     006 1 2013 346 13 56 59.622 01.3820000000000e+00 00.0000000000000e+00 09.6220000000000e-03 00.0000000000000e+00 00.0000000000000e+00 06.9623733719247e+03 00.0000000000000e+00 00.0000000000000e+00 00.0000000000000e+00 00.0000000000000e+00
SARAL 2013 361 14 25 2013 361 14 25     006 1 2013 361 14 25 42.585 01.7280000000000e+00 00.0000000000000e+00 01.4186000000000e-02 00.0000000000000e+00 00.0000000000000e+00 08.2094907407407e+03 00.0000000000000e+00 00.0000000000000e+00 00.0000000000000e+00 00.0000000000000e+00
SARAL 2014 028 12 39 2014 028 12 39     006 1 2014 028 12 39 19.606 02.2480000000000e+00 00.0000000000000e+00 01.8889000000000e-02 00.0000000000000e+00 00.0000000000000e+00 08.4025800711744e+03 00.0000000000000e+00 00.0000000000000e+00 00.0000000000000e+00 00.0000000000000e+00
SARAL 2014 062 14 51 2014 062 14 51     006 1 2014 062 14 51 29.866 03.1700000000000e+00 00.0000000000000e+00 02.6644000000000e-02 00.0000000000000e+00 00.0000000000000e+00 08.4050473186120e+03 00.0000000000000e+00 00.0000000000000e+00 00.0000000000000e+00 00.0000000000000e+00
SARAL 2014 085 12 47 2014 085 12 47     006 1 2014 085 12 47 54.059 02.4200000000000e+00 00.0000000000000e+00 01.8653000000000e-02 00.0000000000000e+00 00.0000000000000e+00 07.7078512396694e+03 00.0000000000000e+00 00.0000000000000e+00 00.0000000000000e+00 00.0000000000000e+00
SARAL 2014 108 12 24 2014 108 12 24     006 1 2014 108 12 24 53.153 02.4200000000000e+00 00.0000000000000e+00 02.0968000000000e-02 00.0000000000000e+00 00.0000000000000e+00 08.6644628099174e+03 00.0000000000000e+00 00.0000000000000e+00 00.0000000000000e+00 00.0000000000000e+00
SARAL 2014 139 14 31 2014 139 14 31     006 1 2014 139 14 31 19.137 02.0240000000000e+00 00.0000000000000e+00 01.8602000000000e-02 00.0000000000000e+00 00.0000000000000e+00 09.1907114624506e+03 00.0000000000000e+00 00.0000000000000e+00 00.0000000000000e+00 00.0000000000000e+00
SARAL 2014 190 12 47 2014 190 12 47     006 1 2014 190 12 47 46.323 01.6220000000000e+00 00.0000000000000e+00 01.2792000000000e-02 00.0000000000000e+00 00.0000000000000e+00 07.8865598027127e+03 00.0000000000000e+00 00.0000000000000e+00 00.0000000000000e+00 00.0000000000000e+00
SARAL 2014 225 12 47 2014 225 12 47     006 1 2014 225 12 47 42.582 01.3980000000000e+00 00.0000000000000e+00 01.1281000000000e-02 00.0000000000000e+00 00.0000000000000e+00 08.0693848354793e+03 00.0000000000000e+00 00.0000000000000e+00 00.0000000000000e+00 00.0000000000000e+00
SARAL 2014 255 13 45 2014 255 13 45     006 1 2014 255 13 45 09.990 01.5100000000000e+00 00.0000000000000e+00 01.2209000000000e-02 00.0000000000000e+00 00.0000000000000e+00 08.0854304635762e+03 00.0000000000000e+00 00.0000000000000e+00 00.0000000000000e+00 00.0000000000000e+00
SARAL 2014 279 12 40 2014 279 12 40     006 1 2014 279 12 40 36.349 01.7900000000000e+00 00.0000000000000e+00 01.1767500000000e-01 00.0000000000000e+00 00.0000000000000e+00 06.5740223463687e+04 00.0000000000000e+00 00.0000000000000e+00 00.0000000000000e+00 00.0000000000000e+00
SARAL 2014 283 12 14 2014 283 12 15     006 1 2014 283 12 14 58.904 02.0348000000000e+01 00.0000000000000e+00 -1.7316100000000e-01 00.0000000000000e+00 00.0000000000000e+00 -8.5099764104580e+03 00.0000000000000e+00 00.0000000000000e+00 00.0000000000000e+00 00.0000000000000e+00
SARAL 2014 289 12 27 2014 289 12 27     006 1 2014 289 12 27 05.258 08.6500000000000e+00 00.0000000000000e+00 07.2933000000000e-02 00.0000000000000e+00 00.0000000000000e+00 08.4315606936416e+03 00.0000000000000e+00 00.0000000000000e+00 00.0000000000000e+00 00.0000000000000e+00
SARAL 2014 308 12 27 2014 308 12 27     006 1 2014 308 12 27 15.487 02.1140000000000e+00 00.0000000000000e+00 01.6514000000000e-02 00.0000000000000e+00 00.0000000000000e+00 07.8117313150426e+03 00.0000000000000e+00 00.0000000000000e+00 00.0000000000000e+00 00.0000000000000e+00
SARAL 2014 325 12 39 2014 325 14 39     006 1 2014 325 13 39 46.124 01.8800000000000e+00 00.0000000000000e+00 01.6200000000000e-02 00.0000000000000e+00 00.0000000000000e+00 08.6170212765957e+03 00.0000000000000e+00 00.0000000000000e+00 00.0000000000000e+00 00.0000000000000e+00
