SARAL 2013 058 13 14 2013 058 13 19     006 1 2013 058 13 17 06.000 03.2200000000000e+02 00.0000000000000e+00 00.0000000000000e+00 07.0090000000000e+00 00.0000000000000e+00 00.0000000000000e+00 02.1767080745342e+04 00.0000000000000e+00 00.0000000000000e+00 00.0000000000000e+00
SARAL 2013 058 14 58 2013 058 15 04     006 1 2013 058 15 01 12.000 03.6600000000000e+02 00.0000000000000e+00 00.0000000000000e+00 07.2330000000000e+00 00.0000000000000e+00 00.0000000000000e+00 01.9762295081967e+04 00.0000000000000e+00 00.0000000000000e+00 00.0000000000000e+00
SARAL 2013 060 15 51 2013 060 15 53     006 1 2013 060 15 52 15.500 01.1100000000000e+02 00.0000000000000e+00 -1.1400000000000e+00 00.0000000000000e+00 00.0000000000000e+00 -1.0270270270270e+04 00.0000000000000e+00 00.0000000000000e+00 00.0000000000000e+00 00.0000000000000e+00
SARAL 2013 061 06 03 2013 061 06 05     006 1 2013 061 06 04 38.500 01.0700000000000e+02 00.0000000000000e+00 01.1000000000000e+00 00.0000000000000e+00 00.0000000000000e+00 01.0280373831776e+04 00.0000000000000e+00 00.0000000000000e+00 00.0000000000000e+00 00.0000000000000e+00
SARAL 2013 062 02 10 2013 062 02 12     006 1 2013 062 02 11 04.500 01.1100000000000e+02 00.0000000000000e+00 01.0790000000000e+00 00.0000000000000e+00 00.0000000000000e+00 09.7207207207207e+03 00.0000000000000e+00 00.0000000000000e+00 00.0000000000000e+00 00.0000000000000e+00
SARAL 2013 064 01 05 2013 064 01 06     006 1 2013 064 01 06 17.000 06.2000000000000e+01 00.0000000000000e+00 05.7900000000000e-01 00.0000000000000e+00 00.0000000000000e+00 09.3387096774194e+03 00.0000000000000e+00 00.0000000000000e+00 00.0000000000000e+00 00.0000000000000e+00
SARAL 2013 072 00 03 2013 072 00 04     006 1 2013 072 00 03 58.500 04.9000000000000e+01 00.0000000000000e+00 04.6611000000000e-01 00.0000000000000e+00 00.0000000000000e+00 09.5124489795918e+03 00.0000000000000e+00 00.0000000000000e+00 00.0000000000000e+00 00.0000000000000e+00
SARAL 2013 082 12 14 2013 082 12 14     006 1 2013 082 12 14 28.736 02.0000000000000e+00 00.0000000000000e+00 -1.6748000000000e-02 00.0000000000000e+00 00.0000000000000e+00 -8.3740000000000e+03 00.0000000000000e+00 00.0000000000000e+00 00.0000000000000e+00 00.0000000000000e+00
SARAL 2013 103 12 54 2013 103 12 54     006 1 2013 103 12 54 28.008 01.0000000000000e+00 00.0000000000000e+00 01.4581000000000e-02 00.0000000000000e+00 00.0000000000000e+00 01.4581000000000e+04 00.0000000000000e+00 00.0000000000000e+00 00.0000000000000e+00 00.0000000000000e+00
SARAL 2013 135 12 48 2013 135 12 48     006 1 2013 135 12 48 24.975 02.0000000000000e+00 00.0000000000000e+00 01.2228000000000e-02 00.0000000000000e+00 00.0000000000000e+00 06.1140000000000e+03 00.0000000000000e+00 00.0000000000000e+00 00.0000000000000e+00 00.0000000000000e+00
SARAL 2013 158 12 25 2013 158 12 25     006 1 2013 158 12 25 11.949 01.0000000000000e+00 00.0000000000000e+00 01.1423000000000e-02 00.0000000000000e+00 00.0000000000000e+00 01.1423000000000e+04 00.0000000000000e+00 00.0000000000000e+00 00.0000000000000e+00 00.0000000000000e+00
SARAL 2013 175 13 31 2013 175 13 31     006 1 2013 175 13 31 11.901 05.4200000000000e-01 00.0000000000000e+00 -5.1980000000000e-03 00.0000000000000e+00 00.0000000000000e+00 -9.5904059040590e+03 00.0000000000000e+00 00.0000000000000e+00 00.0000000000000e+00 00.0000000000000e+00
