------------------------------------------------------
topex 1992 230 18 22 1992 230 18 22
topex 1992 233 17 23 1992 233 17 23
topex 1992 240 18 14 1992 240 18 14
topex 1992 246 18 23 1992 246 18 23
topex 1992 252 18 50 1992 252 18 50
topex 1992 258 17 15 1992 258 17 15
topex 1992 265 19 45 1992 265 19 45
topex 1992 286 23 14 1992 286 23 14
topex 1992 356  9  3 1992 356  9  3
topex 1993  89 12 44 1993  89 12 44
topex 1993 218 10  2 1993 218 10  2
topex 1994  31 20 51 1994  31 20 51
topex 1994 140 23 53 1994 140 23 52
topex 1994 279 18 14 1994 279 18 14
topex 1995 142 22  4 1995 142 22  4
topex 1996  15 19 11 1996  15 19 11
topex 1998 335 20 37 1998 335 20 37
topex 1999 159  7 12 1999 159  7 12
topex 1999 289 22 31 1999 289 22 31
topex 2000  12 10 40 2000  12 10 40
------------------------------------------------------
